desc: I1 cache:         32768 B, 64 B, 8-way associative
desc: D1 cache:         32768 B, 64 B, 8-way associative
desc: LL cache:         19922944 B, 64 B, 19-way associative
cmd: ./quicksort
events: Ir I1mr ILmr Dr D1mr DLmr Dw D1mw DLmw 
fl=/build/glibc-S7Ft5T/glibc-2.23/csu/../csu/init-first.c
fn=_init
52 8 2 2 0 0 0 4 0 0
58 4 0 0 1 0 0 1 1 1
65 5 2 2 4 0 0 0 0 0
70 1 0 0 0 0 0 1 1 1
71 1 1 1 0 0 0 1 1 1
72 2 0 0 1 0 0 1 1 1
86 4 0 0 0 0 0 1 0 0
94 1 0 0 0 0 0 1 0 0
99 6 0 0 5 0 0 0 0 0
fl=/build/glibc-S7Ft5T/glibc-2.23/csu/../csu/libc-start.c
fn=(below main)
134 10 1 1 0 0 0 8 0 0
138 7 2 2 1 0 0 1 0 0
220 2 0 0 0 0 0 0 0 0
221 4 0 0 0 0 0 1 0 0
243 4 0 0 2 0 0 0 0 0
246 2 0 0 0 0 0 0 0 0
247 5 1 1 4 0 0 1 0 0
251 4 0 0 2 0 0 0 0 0
266 2 0 0 0 0 0 0 0 0
278 2 0 0 0 0 0 1 0 0
279 2 0 0 0 0 0 0 0 0
284 2 1 1 1 1 0 1 0 0
285 2 0 0 1 1 0 1 0 0
288 2 0 0 0 0 0 1 0 0
291 6 0 0 5 0 0 1 0 0
325 2 0 0 0 0 0 1 0 0
fl=/build/glibc-S7Ft5T/glibc-2.23/csu/../sysdeps/generic/dl-hash.h
fn=_init
45 12 0 0 4 0 0 0 0 0
48 12 0 0 0 0 0 0 0 0
62 16 1 1 0 0 0 0 0 0
fl=/build/glibc-S7Ft5T/glibc-2.23/csu/../sysdeps/unix/sysv/linux/x86_64/init-first.c
fn=_init
36 11 0 0 0 0 0 4 0 0
38 4 0 0 0 0 0 1 0 0
39 2 1 1 0 0 0 0 0 0
40 2 0 0 0 0 0 0 0 0
41 2 0 0 1 0 0 0 0 0
42 1 0 0 0 0 0 1 0 0
44 3 0 0 0 0 0 1 0 0
45 2 0 0 1 0 0 0 0 0
46 1 0 0 0 0 0 1 0 0
fl=/build/glibc-S7Ft5T/glibc-2.23/ctype/ctype-info.c
fn=__ctype_init
31 7 1 1 5 2 0 1 0 0
33 4 0 0 2 0 0 1 0 0
35 5 1 1 3 0 0 1 0 0
fl=/build/glibc-S7Ft5T/glibc-2.23/elf/../elf/dl-runtime.c
fn=_dl_fixup
66 15 1 1 0 0 0 5 0 0
68 5 0 0 5 0 0 0 0 0
69 10 1 1 10 2 0 0 0 0
71 20 0 0 5 2 0 0 0 0
72 5 0 0 5 2 0 0 0 0
73 35 0 0 10 3 0 5 0 0
74 15 0 0 10 1 0 0 0 0
79 10 1 1 0 0 0 0 0 0
83 10 0 0 5 5 2 0 0 0
87 15 0 0 5 1 0 0 0 0
91 5 0 0 5 2 0 0 0 0
92 25 0 0 10 2 0 0 0 0
94 20 1 1 5 1 0 0 0 0
100 5 0 0 0 0 0 0 0 0
101 15 0 0 5 1 0 0 0 0
111 50 1 1 10 2 0 15 0 0
115 25 0 0 15 0 0 0 0 0
125 30 0 0 10 0 0 0 0 0
133 5 0 0 5 0 0 0 0 0
141 20 0 0 5 0 0 0 0 0
145 15 1 1 5 1 0 0 0 0
149 15 0 0 10 0 0 0 0 0
fl=/build/glibc-S7Ft5T/glibc-2.23/elf/../elf/dl-sysdep.c
fn=_dl_sysdep_start
86 8 2 2 0 0 0 6 0 0
110 1 0 0 0 0 0 1 0 0
111 89 0 0 28 4 4 4 3 3
114 2 0 0 0 0 0 1 1 1
115 1 0 0 0 0 0 1 0 0
117 132 4 4 34 6 6 17 0 0
118 107 2 2 18 3 3 0 0 0
121 1 0 0 1 0 0 0 0 0
122 1 0 0 0 0 0 0 0 0
124 1 0 0 1 0 0 0 0 0
125 1 0 0 0 0 0 0 0 0
127 1 1 1 1 0 0 0 0 0
128 2 0 0 0 0 0 0 0 0
130 1 0 0 1 0 0 0 0 0
131 2 0 0 0 0 0 0 0 0
151 1 0 0 1 0 0 0 0 0
152 2 0 0 0 0 0 0 0 0
154 1 0 0 1 0 0 0 0 0
155 2 0 0 0 0 0 0 0 0
157 2 1 1 1 0 0 1 0 0
158 2 0 0 0 0 0 0 0 0
163 2 1 1 1 0 0 1 0 0
164 2 0 0 0 0 0 1 0 0
179 2 1 1 1 0 0 1 0 0
180 2 0 0 0 0 0 1 0 0
231 3 0 0 1 0 0 0 0 0
232 2 0 0 0 0 0 2 0 0
234 5 0 0 0 0 0 1 0 0
240 2 1 1 0 0 0 1 0 0
246 3 1 1 1 0 0 0 0 0
249 5 0 0 1 0 0 1 0 0
251 9 0 0 8 2 0 0 0 0
fn=_dl_sysdep_start_cleanup
256 1 0 0 1 0 0 0 0 0
fl=/build/glibc-S7Ft5T/glibc-2.23/elf/../misc/sbrk.c
fn=sbrk
34 4 0 0 0 0 0 2 0 0
42 6 1 1 2 1 1 0 0 0
46 2 0 0 0 0 0 0 0 0
62 5 0 0 3 0 0 0 0 0
fl=/build/glibc-S7Ft5T/glibc-2.23/elf/../string/bits/string2.h
fn=handle_ld_preload
961 189 1 1 47 0 0 0 0 0
962 145 0 0 0 0 0 0 0 0
963 93 0 0 0 0 0 0 0 0
fl=/build/glibc-S7Ft5T/glibc-2.23/elf/../sysdeps/posix/dl-fileid.h
fn=_dl_map_object_from_fd
37 12 1 1 0 0 0 2 0 0
40 2 0 0 2 0 0 0 0 0
41 4 0 0 2 0 0 2 0 0
49 12 0 0 6 1 1 0 0 0
fl=/build/glibc-S7Ft5T/glibc-2.23/elf/../sysdeps/unix/sysv/linux/dl-osinfo.h
fn=dl_main
77 1 0 0 1 0 0 0 0 0
fl=/build/glibc-S7Ft5T/glibc-2.23/elf/../sysdeps/unix/sysv/linux/dl-sysdep.c
fn=_dl_discover_osversion
45 7 1 1 0 0 0 6 0 0
47 3 1 1 1 0 0 0 0 0
87 5 1 1 0 0 0 1 1 1
102 1 0 0 0 0 0 0 0 0
106 1 0 0 0 0 0 0 0 0
107 1 0 0 0 0 0 0 0 0
109 12 0 0 3 1 1 0 0 0
111 6 0 0 0 0 0 0 0 0
113 12 0 0 3 0 0 0 0 0
119 3 0 0 0 0 0 0 0 0
120 3 1 1 0 0 0 0 0 0
121 3 0 0 0 0 0 0 0 0
123 13 0 0 0 0 0 0 0 0
128 2 0 0 0 0 0 0 0 0
132 8 1 1 7 0 0 0 0 0
fn=_dl_sysdep_start
35 2 0 0 0 0 0 1 1 1
fl=/build/glibc-S7Ft5T/glibc-2.23/elf/../sysdeps/unix/sysv/linux/dl-vdso.c
fn=_dl_vdso_vsym
27 8 1 1 8 1 0 0 0 0
28 8 1 1 4 0 0 0 0 0
31 8 0 0 0 0 0 0 0 0
fl=/build/glibc-S7Ft5T/glibc-2.23/elf/../sysdeps/unix/sysv/linux/x86_64/brk.c
fn=brk
31 7 1 1 0 0 0 1 1 1
33 2 1 1 0 0 0 0 0 0
39 1 0 0 0 0 0 0 0 0
40 1 0 0 1 0 0 0 0 0
fl=/build/glibc-S7Ft5T/glibc-2.23/elf/../sysdeps/x86/cpu-features.c
fn=init_cpu_features.constprop.0
30 5 2 2 0 0 0 3 0 0
33 1 0 0 0 0 0 1 0 0
34 3 0 0 0 0 0 0 0 0
35 3 0 0 0 0 0 0 0 0
36 3 0 0 0 0 0 0 0 0
37 2 0 0 0 0 0 0 0 0
42 2 0 0 0 0 0 0 0 0
46 7 1 1 0 0 0 6 0 0
62 3 0 0 0 0 0 1 0 0
65 9 1 1 0 0 0 0 0 0
69 3 0 0 0 0 0 0 0 0
74 3 0 0 0 0 0 0 0 0
77 1 0 0 0 0 0 0 0 0
78 7 1 1 1 1 1 0 0 0
113 2 1 1 1 0 0 0 0 0
135 2 1 1 1 1 1 0 0 0
176 3 1 1 1 0 0 0 0 0
177 1 0 0 1 0 0 0 0 0
180 2 0 0 0 0 0 0 0 0
181 1 0 0 1 0 0 0 0 0
183 2 0 0 1 0 0 0 0 0
184 7 1 1 0 0 0 4 0 0
191 3 0 0 1 0 0 0 0 0
195 2 0 0 0 0 0 0 0 0
197 4 0 0 0 0 0 0 0 0
201 2 1 1 0 0 0 0 0 0
202 1 0 0 1 0 0 0 0 0
208 3 0 0 1 0 0 0 0 0
210 1 0 0 1 0 0 0 0 0
213 3 1 1 0 0 0 0 0 0
229 2 0 0 0 0 0 0 0 0
230 1 0 0 1 0 0 0 0 0
232 2 0 0 1 0 0 0 0 0
238 2 1 1 1 0 0 0 0 0
242 4 0 0 0 0 0 0 0 0
243 2 0 0 0 0 0 0 0 0
246 4 1 1 0 0 0 1 0 0
248 3 0 0 0 0 0 0 0 0
251 2 0 0 0 0 0 0 0 0
313 4 1 1 0 0 0 0 0 0
314 4 0 0 0 0 0 0 0 0
318 2 0 0 1 0 0 0 0 0
324 1 0 0 0 0 0 1 0 0
325 1 0 0 0 0 0 1 0 0
326 1 0 0 0 0 0 1 0 0
327 8 0 0 7 0 0 0 0 0
fl=/build/glibc-S7Ft5T/glibc-2.23/elf/../sysdeps/x86_64/dl-machine.h
fn=_dl_fixup
237 5 0 0 0 0 0 5 0 0
fn=_dl_relocate_object
76 24 1 1 4 0 0 0 0 0
82 6 0 0 6 2 0 0 0 0
86 9 0 0 3 3 2 0 0 0
92 3 0 0 0 0 0 3 0 0
100 9 0 0 3 0 0 0 0 0
120 6 1 1 3 0 0 0 0 0
122 3 0 0 0 0 0 3 0 0
124 12 0 0 3 0 0 0 0 0
131 12 0 0 4 3 0 0 0 0
271 194 0 0 0 0 0 0 0 0
292 194 0 0 0 0 0 0 0 0
296 194 1 1 0 0 0 0 0 0
303 4174 14 14 982 83 71 734 2 0
305 431 0 0 182 1 0 0 0 0
308 364 1 1 91 0 0 0 0 0
314 582 0 0 97 3 3 0 0 0
409 42 1 1 14 0 0 0 0 0
413 70 0 0 14 1 0 0 0 0
427 70 1 1 28 1 1 14 7 7
437 249 1 1 83 9 9 83 10 6
449 9 0 0 0 0 0 3 0 0
514 3576 0 0 1192 298 298 0 0 0
519 2384 1 1 0 0 0 0 0 0
520 3576 0 0 1192 150 150 1192 224 222
530 30 0 0 19 0 0 0 0 0
534 22 0 0 0 0 0 0 0 0
536 33 0 0 11 1 0 0 0 0
537 11 0 0 11 2 1 0 0 0
556 24 0 0 16 0 0 8 0 0
557 8 0 0 0 0 0 8 0 0
fn=_dl_start
59 3 0 0 1 1 1 0 0 0
268 6 0 0 0 0 0 0 0 0
296 12 0 0 0 0 0 0 0 0
305 24 0 0 12 2 2 0 0 0
308 24 0 0 6 4 4 0 0 0
314 37 0 0 6 1 1 0 0 0
427 12 1 1 6 0 0 6 1 1
519 20 0 0 10 1 1 0 0 0
520 30 1 1 10 2 2 10 3 3
fn=_dl_sysdep_start
225 5 1 1 2 1 1 0 0 0
229 1 0 0 0 0 0 1 0 0
fl=/build/glibc-S7Ft5T/glibc-2.23/elf/../sysdeps/x86_64/dl-trampoline.h
fn=_dl_runtime_resolve_xsave
71 5 1 1 0 0 0 5 0 0
74 5 0 0 0 0 0 0 0 0
76 5 0 0 0 0 0 0 0 0
84 5 0 0 5 1 0 0 0 0
90 5 0 0 0 0 0 5 1 0
91 5 0 0 0 0 0 5 0 0
92 5 0 0 0 0 0 5 0 0
93 5 0 0 0 0 0 5 0 0
94 5 0 0 0 0 0 5 0 0
95 5 0 0 0 0 0 5 0 0
96 5 0 0 0 0 0 5 0 0
100 5 0 0 0 0 0 0 0 0
101 5 0 0 0 0 0 0 0 0
104 5 0 0 0 0 0 5 1 0
105 5 1 1 0 0 0 5 0 0
107 5 0 0 0 0 0 5 0 0
108 5 0 0 0 0 0 5 0 0
109 5 0 0 0 0 0 5 0 0
110 5 0 0 0 0 0 5 0 0
111 5 0 0 0 0 0 5 0 0
112 5 0 0 0 0 0 5 0 0
114 5 0 0 5 0 0 165 1 0
127 5 1 1 5 0 0 0 0 0
128 5 0 0 5 0 0 0 0 0
129 5 0 0 0 0 0 5 1 0
130 5 0 0 0 0 0 0 0 0
135 5 0 0 0 0 0 0 0 0
136 5 0 0 0 0 0 0 0 0
137 5 0 0 180 0 0 0 0 0
139 5 0 0 5 0 0 0 0 0
140 5 0 0 5 0 0 0 0 0
141 5 0 0 5 0 0 0 0 0
142 5 0 0 5 0 0 0 0 0
143 5 0 0 5 0 0 0 0 0
144 5 0 0 5 0 0 0 0 0
145 5 0 0 5 0 0 0 0 0
147 5 0 0 0 0 0 0 0 0
149 5 1 1 5 0 0 0 0 0
153 5 0 0 0 0 0 0 0 0
156 5 0 0 0 0 0 0 0 0
fl=/build/glibc-S7Ft5T/glibc-2.23/elf/./dl-load.h
fn=_dl_map_object_from_fd
90 8 0 0 0 0 0 0 0 0
91 6 0 0 4 0 0 2 0 0
93 8 0 0 4 0 0 0 0 0
94 5 1 1 3 0 0 0 0 0
95 11 0 0 3 0 0 0 0 0
98 4 1 1 0 0 0 1 0 0
fl=/build/glibc-S7Ft5T/glibc-2.23/elf/./dl-map-segments.h
fn=_dl_map_object_from_fd
56 22 0 0 8 0 0 6 1 1
60 6 1 1 2 0 0 0 0 0
63 6 0 0 2 0 0 2 0 0
64 4 0 0 0 0 0 2 0 0
66 4 0 0 2 0 0 0 0 0
72 14 1 1 4 0 0 2 0 0
73 8 1 1 4 0 0 0 0 0
76 4 1 1 4 0 0 0 0 0
86 20 1 1 4 0 0 0 0 0
88 8 0 0 4 0 0 0 0 0
90 28 1 1 10 0 0 4 0 0
100 16 0 0 8 0 0 0 0 0
106 4 0 0 2 0 0 0 0 0
107 2 0 0 0 0 0 0 0 0
108 10 0 0 2 0 0 0 0 0
109 4 0 0 0 0 0 0 0 0
116 4 0 0 0 0 0 0 0 0
119 4 1 1 0 0 0 0 0 0
127 24 1 1 6 0 0 8 0 0
133 4 0 0 0 0 0 0 0 0
137 9 1 1 0 0 0 2 0 0
140 3 0 0 1 0 0 0 0 0
145 4 1 1 0 0 0 0 0 0
fl=/build/glibc-S7Ft5T/glibc-2.23/elf/dl-addr.c
fn=_dl_addr
30 2 0 0 1 0 0 1 0 0
31 2 0 0 1 0 0 1 0 0
34 2 0 0 1 0 0 0 0 0
38 1 1 1 1 0 0 0 0 0
39 1 0 0 1 0 0 0 0 0
40 3 0 0 2 0 0 1 0 0
42 2 0 0 2 0 0 0 0 0
45 2 0 0 1 1 0 0 0 0
50 2030 0 0 2 0 0 0 0 0
52 1011 1 1 1011 59 21 0 0 0
53 2022 0 0 0 0 0 0 0 0
55 3628 0 0 907 0 0 0 0 0
61 11175 1 1 2235 478 439 0 0 0
63 8940 0 0 2235 0 0 0 0 0
64 16328 0 0 5110 352 325 0 0 0
69 2235 0 0 0 0 0 0 0 0
71 9044 1 1 2235 133 84 0 0 0
99 3 1 1 1 1 0 0 0 0
100 1 0 0 0 0 0 1 1 0
101 3 0 0 1 1 0 0 0 0
104 2 0 0 0 0 0 0 0 0
116 1 1 1 0 0 0 1 0 0
117 1 0 0 0 0 0 1 0 0
126 11 1 1 0 0 0 8 0 0
131 3 1 1 2 0 0 1 0 0
133 2 0 0 0 0 0 1 0 0
135 2 0 0 0 0 0 0 0 0
138 2 0 0 0 0 0 0 0 0
141 2 1 1 1 1 0 1 0 0
144 9 0 0 7 0 0 0 0 0
fl=/build/glibc-S7Ft5T/glibc-2.23/elf/dl-altinit.c
fn=dlinit_alt
33 3 1 1 2 0 0 0 0 0
34 1 0 0 1 0 0 0 0 0
fl=/build/glibc-S7Ft5T/glibc-2.23/elf/dl-cache.c
fn=_dl_cache_libcmp
138 30 1 1 20 9 9 0 0 0
139 100 0 0 0 0 0 0 0 0
141 147 0 0 0 0 0 0 0 0
143 51 0 0 0 0 0 0 0 0
149 2 1 1 0 0 0 0 0 0
150 2 0 0 0 0 0 0 0 0
151 5 0 0 1 0 0 0 0 0
153 5 1 1 1 0 0 0 0 0
155 2 0 0 0 0 0 0 0 0
161 96 1 1 0 0 0 0 0 0
163 174 0 0 78 2 2 0 0 0
164 18 0 0 9 0 0 0 0 0
167 39 0 0 0 0 0 0 0 0
168 39 0 0 0 0 0 0 0 0
171 3 0 0 1 0 0 0 0 0
fn=_dl_load_cache_lookup
185 9 1 1 0 0 0 6 0 0
193 2 0 0 1 0 0 0 0 0
196 3 0 0 1 0 0 0 0 0
199 5 2 2 0 0 0 1 0 0
207 5 0 0 1 0 0 0 0 0
208 6 1 1 0 0 0 1 0 0
212 1 0 0 0 0 0 1 0 0
215 4 0 0 1 0 0 0 0 0
218 2 0 0 0 0 0 1 0 0
219 3 0 0 0 0 0 0 0 0
220 6 1 1 0 0 0 1 0 0
247 2 1 1 0 0 0 0 0 0
256 5 0 0 0 0 0 2 0 0
262 4 0 0 0 0 0 2 0 0
266 4 1 1 2 0 0 2 0 0
281 238 8 8 44 7 7 23 0 0
297 2 0 0 1 0 0 0 0 0
301 2 0 0 1 0 0 0 0 0
309 9 1 1 1 0 0 1 0 0
310 3 0 0 0 0 0 1 0 0
311 2 0 0 0 0 0 1 0 0
312 8 0 0 7 0 0 0 0 0
fn=_dl_unload_cache
321 1 0 0 0 0 0 0 0 0
322 4 1 1 1 1 0 0 0 0
324 2 0 0 1 0 0 1 0 0
325 1 0 0 0 0 0 1 0 0
327 2 0 0 1 0 0 0 0 0
fl=/build/glibc-S7Ft5T/glibc-2.23/elf/dl-debug.c
fn=_dl_debug_initialize
50 8 1 1 0 0 0 0 0 0
51 4 1 1 4 0 0 0 0 0
55 14 0 0 4 0 0 0 0 0
58 1 0 0 0 0 0 1 0 0
59 2 0 0 0 0 0 1 0 0
60 5 1 1 1 0 0 1 0 0
61 2 0 0 0 0 0 1 0 0
64 1 0 0 1 0 0 0 0 0
fn=_dl_debug_state
74 2 0 0 2 0 0 0 0 0
fl=/build/glibc-S7Ft5T/glibc-2.23/elf/dl-deps.c
fn=_dl_map_object_deps
144 4 0 0 0 0 0 2 1 1
145 2 1 1 0 0 0 2 0 0
146 7 0 0 0 0 0 2 0 0
152 9 0 0 2 0 0 3 0 0
160 11 0 0 0 0 0 9 0 0
161 9 2 2 0 0 0 0 0 0
178 14 1 1 1 0 0 1 0 0
179 2 0 0 1 0 0 0 0 0
182 3 1 1 0 0 0 2 0 0
188 2 0 0 0 0 0 2 0 0
189 1 0 0 0 0 0 1 0 0
201 2 0 0 1 0 0 1 0 0
202 2 1 1 0 0 0 1 0 0
203 1 0 0 0 0 0 1 0 0
204 2 0 0 0 0 0 2 0 0
209 6 2 2 0 0 0 5 0 0
210 4 0 0 0 0 0 0 0 0
213 4 0 0 0 0 0 4 0 0
217 8 0 0 4 0 0 0 0 0
218 25 2 2 11 1 1 0 0 0
220 2 0 0 0 0 0 0 0 0
222 8 0 0 4 0 0 2 0 0
224 30 1 1 2 0 0 6 0 0
229 16 0 0 8 0 0 0 0 0
231 6 0 0 4 0 0 2 0 0
236 2 0 0 0 0 0 2 0 0
237 2 0 0 0 0 0 2 0 0
238 4 0 0 2 0 0 2 0 0
239 4 1 1 2 0 0 2 0 0
242 208 0 0 54 1 0 0 0 0
243 96 1 1 0 0 0 0 0 0
249 14 0 0 4 0 0 2 1 1
251 2 0 0 0 0 0 2 0 0
254 12 1 1 8 0 0 2 0 0
256 6 0 0 2 0 0 0 0 0
271 2 0 0 2 0 0 0 0 0
273 4 0 0 2 0 0 0 0 0
278 6 1 1 0 0 0 0 0 0
281 2 0 0 0 0 0 2 0 0
282 2 0 0 0 0 0 2 0 0
283 2 0 0 0 0 0 2 0 0
284 4 0 0 2 0 0 2 0 0
286 2 0 0 2 0 0 0 0 0
288 12 1 1 2 0 0 4 0 0
292 6 0 0 2 0 0 0 0 0
293 3 0 0 0 0 0 1 0 0
295 138 0 0 0 0 0 0 0 0
317 9 1 1 0 0 0 4 0 0
338 6 1 1 0 0 0 3 0 0
459 12 1 1 4 0 0 0 0 0
461 6 0 0 0 0 0 2 0 0
463 8 1 1 0 0 0 2 0 0
465 4 0 0 0 0 0 0 0 0
468 2 0 0 0 0 0 2 1 1
469 10 0 0 2 0 0 2 0 0
470 10 0 0 0 0 0 2 0 0
473 2 0 0 0 0 0 2 0 0
474 2 0 0 2 0 0 0 0 0
478 22 1 1 11 0 0 0 0 0
480 4 1 1 4 0 0 0 0 0
481 18 0 0 4 0 0 0 0 0
485 6 1 1 2 0 0 0 0 0
486 1 0 0 0 0 0 1 0 0
489 5 1 1 2 0 0 1 0 0
499 5 0 0 1 0 0 1 0 0
502 2 1 1 0 0 0 0 0 0
507 9 0 0 3 0 0 1 0 0
508 6 0 0 4 0 0 1 0 0
510 12 0 0 4 0 0 0 0 0
516 12 1 1 0 0 0 4 2 2
520 12 0 0 12 0 0 0 0 0
523 3 0 0 1 0 0 1 0 0
574 3 1 1 2 0 0 0 0 0
575 1 0 0 0 0 0 1 0 0
576 3 0 0 1 0 0 0 0 0
611 8 1 1 1 0 0 2 0 0
613 2 0 0 0 0 0 0 0 0
614 1 0 0 0 0 0 1 0 0
617 11 1 1 0 0 0 1 0 0
618 5 1 1 0 0 0 0 0 0
619 5 0 0 1 0 0 1 0 0
623 12 1 1 3 0 0 6 0 0
624 6 0 0 3 0 0 0 0 0
630 17 1 1 3 0 0 0 0 0
632 12 0 0 6 0 0 0 0 0
633 7 0 0 0 0 0 0 0 0
635 9 0 0 3 0 0 0 0 0
636 6 1 1 0 0 0 0 0 0
655 2 1 1 1 0 0 0 0 0
658 3 1 1 0 0 0 0 0 0
661 10 0 0 3 0 0 0 0 0
664 28 1 1 6 0 0 6 0 0
671 2 1 1 1 0 0 1 0 0
673 2 0 0 1 0 0 1 0 0
674 1 0 0 1 0 0 0 0 0
675 3 0 0 1 0 0 0 0 0
682 3 1 1 1 0 0 0 0 0
685 3 0 0 1 0 0 0 0 0
688 8 0 0 7 0 0 0 0 0
fn=openaux
60 4 1 1 0 0 0 2 0 0
63 24 1 1 10 0 0 4 0 0
67 2 0 0 2 0 0 0 0 0
68 4 0 0 4 0 0 0 0 0
fl=/build/glibc-S7Ft5T/glibc-2.23/elf/dl-environ.c
fn=_dl_next_ld_env_entry
30 3 1 1 3 0 0 0 0 0
31 1 0 0 0 0 0 0 0 0
33 82 0 0 27 0 0 0 0 0
35 52 1 1 26 10 10 0 0 0
36 18 0 0 9 0 0 0 0 0
38 2 0 0 0 0 0 0 0 0
41 4 0 0 0 0 0 2 0 0
43 2 0 0 2 0 0 0 0 0
46 24 0 0 0 0 0 0 0 0
50 1 0 0 1 0 0 0 0 0
fl=/build/glibc-S7Ft5T/glibc-2.23/elf/dl-error.c
fn=_dl_catch_error
163 12 1 1 0 0 0 9 0 0
175 6 1 1 0 0 0 6 4 4
176 6 0 0 0 0 0 6 0 0
177 6 0 0 0 0 0 6 2 2
178 6 0 0 0 0 0 3 0 0
180 3 0 0 3 0 0 3 0 0
181 6 0 0 3 0 0 3 0 0
182 9 1 1 0 0 0 6 0 0
185 18 0 0 0 0 0 3 0 0
187 9 0 0 6 0 0 3 0 0
188 9 0 0 6 0 0 3 0 0
189 6 1 1 3 0 0 3 0 0
190 6 0 0 3 0 0 3 0 0
191 6 0 0 3 0 0 3 0 0
199 12 0 0 6 0 0 0 0 0
fn=_dl_receive_error
205 10 1 1 0 0 0 6 0 0
206 2 0 0 1 0 0 1 0 0
210 1 0 0 1 0 0 0 0 0
211 1 0 0 1 0 0 0 0 0
214 1 0 0 0 0 0 1 0 0
215 1 0 0 0 0 0 1 0 0
217 2 0 0 0 0 0 1 0 0
219 1 1 1 0 0 0 1 0 0
220 1 0 0 0 0 0 1 0 0
221 8 0 0 7 0 0 0 0 0
fl=/build/glibc-S7Ft5T/glibc-2.23/elf/dl-fini.c
fn=_dl_fini
31 1 0 0 0 0 0 1 0 0
33 2 1 1 0 0 0 0 0 0
38 3 0 0 0 0 0 1 0 0
39 9 0 0 0 0 0 1 0 0
40 3 0 0 0 0 0 1 0 0
44 9 1 1 3 0 0 3 0 0
45 9 0 0 6 0 0 0 0 0
49 12 0 0 6 0 0 0 0 0
55 6 0 0 3 0 0 0 0 0
56 14 1 1 6 0 0 0 0 0
58 15 1 1 9 1 0 0 0 0
59 7 0 0 0 0 0 0 0 0
61 9 0 0 3 1 0 0 0 0
62 6 0 0 0 0 0 0 0 0
81 4 0 0 1 0 0 1 0 0
92 9 1 1 3 0 0 0 0 0
113 3 0 0 0 0 0 0 0 0
117 15 0 0 3 0 0 3 0 0
120 22 1 1 7 0 0 2 0 0
130 8 2 2 0 0 0 6 0 0
147 1 0 0 0 0 0 1 0 0
150 15 0 0 3 0 0 1 0 0
153 2 1 1 1 0 0 1 0 0
155 1 0 0 1 1 0 0 0 0
158 2 0 0 0 0 0 0 0 0
160 6 1 1 3 0 0 0 0 0
165 1 0 0 0 0 0 1 0 0
168 9 0 0 0 0 0 1 0 0
173 13 0 0 4 1 0 0 0 0
175 8 1 1 4 1 0 0 0 0
177 8 0 0 0 0 0 0 0 0
179 8 0 0 0 0 0 4 0 0
180 4 0 0 0 0 0 4 3 0
181 4 0 0 0 0 0 0 0 0
185 4 0 0 4 1 0 0 0 0
187 9 1 1 1 0 0 1 0 0
188 2 0 0 1 0 0 0 0 0
192 2 0 0 1 0 0 1 0 0
201 3 1 1 2 0 0 1 0 0
206 14 0 0 7 0 0 0 0 0
208 4 1 1 4 0 0 0 0 0
210 12 0 0 4 0 0 0 0 0
213 8 0 0 0 0 0 4 0 0
216 12 0 0 4 3 0 0 0 0
217 6 1 1 2 2 0 0 0 0
220 4 0 0 2 0 0 0 0 0
229 4 0 0 4 1 0 0 0 0
232 6 1 1 4 1 0 0 0 0
234 16 0 0 2 1 0 0 0 0
235 4 0 0 2 2 0 2 0 0
239 4 0 0 0 0 0 0 0 0
240 6 1 1 4 2 0 2 0 0
246 24 0 0 8 1 0 0 0 0
262 8 0 0 4 0 0 0 0 0
268 6 1 1 2 0 0 0 0 0
270 1 0 0 0 0 0 1 0 0
274 2 0 0 1 0 0 0 0 0
281 8 0 0 7 0 0 0 0 0
fl=/build/glibc-S7Ft5T/glibc-2.23/elf/dl-hwcaps.c
fn=_dl_important_hwcaps
39 12 1 1 0 0 0 10 2 2
41 1 0 0 1 0 0 0 0 0
42 3 0 0 0 0 0 0 0 0
51 3 0 0 1 0 0 0 0 0
61 4 1 1 1 0 0 1 0 0
113 1 1 1 0 0 0 0 0 0
115 5 1 1 0 0 0 1 0 0
130 10 1 1 0 0 0 1 0 0
131 1 0 0 0 0 0 0 0 0
162 2 1 1 0 0 0 0 0 0
170 3 1 1 1 0 0 0 0 0
172 2 0 0 1 0 0 1 0 0
173 5 0 0 1 0 0 1 0 0
177 3 1 1 1 0 0 1 0 0
178 1 0 0 0 0 0 1 0 0
181 2 0 0 0 0 0 0 0 0
184 2 0 0 0 0 0 0 0 0
185 1 0 0 1 0 0 0 0 0
188 12 1 1 2 0 0 2 0 0
189 2 0 0 0 0 0 0 0 0
207 11 1 1 2 0 0 5 0 0
208 6 0 0 0 0 0 3 1 1
209 6 1 1 4 0 0 0 0 0
238 3 0 0 0 0 0 2 1 1
241 2 0 0 0 0 0 0 0 0
243 10 0 0 3 0 0 4 0 0
244 20 1 1 5 0 0 5 0 0
264 7 2 2 2 0 0 0 0 0
269 10 0 0 2 0 0 0 0 0
270 8 0 0 0 0 0 4 0 0
274 11 1 1 0 0 0 0 0 0
277 26 0 0 0 0 0 0 0 0
278 24 0 0 0 0 0 0 0 0
279 12 0 0 8 0 0 0 0 0
281 4 1 1 0 0 0 0 0 0
284 3 0 0 1 0 0 0 0 0
285 2 0 0 1 0 0 0 0 0
286 12 2 2 3 0 0 0 0 0
299 6 0 0 2 0 0 2 0 0
300 2 0 0 0 0 0 0 0 0
302 4 0 0 0 0 0 0 0 0
305 4 0 0 3 0 0 1 0 0
307 1 0 0 0 0 0 0 0 0
308 10 1 1 7 0 0 1 0 0
fl=/build/glibc-S7Ft5T/glibc-2.23/elf/dl-init.c
fn=_dl_init
30 25 1 1 5 0 0 3 0 0
80 11 1 1 0 0 0 6 0 0
81 1 0 0 1 1 0 0 0 0
82 1 0 0 1 0 0 0 0 0
85 3 0 0 1 0 0 0 0 0
88 2 0 0 0 0 0 1 0 0
93 2 0 0 0 0 0 0 0 0
94 2 1 1 1 0 0 0 0 0
104 2 1 1 0 0 0 1 0 0
119 15 0 0 0 0 0 0 0 0
120 12 0 0 8 0 0 0 0 0
126 8 0 0 7 0 0 0 0 0
fn=call_init.part.0
28 20 0 0 0 0 0 20 0 0
36 12 0 0 4 0 0 4 0 0
39 16 1 1 8 1 0 0 0 0
40 3 1 1 0 0 0 0 0 0
44 21 0 0 3 1 0 0 0 0
45 3 0 0 1 0 0 0 0 0
49 4 0 0 2 0 0 0 0 0
58 14 1 1 6 3 0 2 0 0
62 4 0 0 0 0 0 0 0 0
68 6 0 0 4 1 0 0 0 0
70 4 0 0 4 0 0 0 0 0
71 16 1 1 0 0 0 0 0 0
72 15 0 0 3 0 0 3 0 0
74 24 0 0 24 0 0 0 0 0
fl=/build/glibc-S7Ft5T/glibc-2.23/elf/dl-load.c
fn=_dl_init_paths
689 9 1 1 0 0 0 7 0 0
702 6 1 1 2 0 0 2 0 0
706 1 0 0 0 0 0 1 0 0
707 2 0 0 0 0 0 1 0 0
708 3 0 0 0 0 0 0 0 0
715 4 0 0 0 0 0 0 0 0
716 4 1 1 1 0 0 2 0 0
719 5 0 0 0 0 0 2 0 0
721 2 0 0 0 0 0 0 0 0
727 2 0 0 0 0 0 1 0 0
728 1 0 0 0 0 0 1 0 0
736 3 0 0 0 0 0 3 0 0
738 9 0 0 0 0 0 4 0 0
739 4 0 0 0 0 0 4 3 3
741 8 0 0 0 0 0 4 1 1
742 10 0 0 3 1 1 4 0 0
743 12 0 0 0 0 0 3 0 0
746 6 0 0 3 1 1 0 0 0
747 25 2 2 8 0 0 4 0 0
750 35 2 2 4 0 0 6 0 0
756 1 0 0 0 0 0 1 1 1
757 1 0 0 0 0 0 1 0 0
761 1 0 0 1 0 0 0 0 0
762 2 1 1 0 0 0 0 0 0
764 4 0 0 1 0 0 0 0 0
766 3 0 0 1 0 0 0 0 0
783 1 0 0 0 0 0 1 0 0
785 3 1 1 1 0 0 0 0 0
799 2 1 1 0 0 0 1 0 0
804 5 1 1 2 0 0 0 0 0
810 5 1 1 0 0 0 1 0 0
812 12 0 0 1 0 0 2 0 0
829 133 1 1 15 0 0 0 0 0
833 1 0 0 0 0 0 1 0 0
834 1 0 0 0 0 0 1 0 0
835 2 1 1 0 0 0 0 0 0
841 9 0 0 1 0 0 2 0 0
845 5 1 1 4 0 0 0 0 0
851 1 0 0 0 0 0 1 0 0
855 8 0 0 7 0 0 0 0 0
fn=_dl_map_object
383 5 1 1 0 0 0 1 0 0
387 2 0 0 0 0 0 1 0 0
666 9 1 1 3 0 0 0 0 0
2189 27 1 1 0 0 0 24 6 6
2191 2 0 0 0 0 0 2 0 0
2197 6 0 0 0 0 0 0 0 0
2198 12 1 1 3 0 0 0 0 0
2201 42 0 0 9 0 0 0 0 0
2206 49 1 1 7 0 0 0 0 0
2208 35 0 0 0 0 0 7 0 0
2212 12 0 0 6 0 0 0 0 0
2213 18 0 0 6 0 0 0 0 0
2216 2 0 0 2 0 0 0 0 0
2218 12 1 1 4 0 0 2 0 0
2235 10 1 1 4 0 0 2 0 0
2244 6 1 1 2 0 0 0 0 0
2278 2 0 0 0 0 0 2 0 0
2280 10 0 0 0 0 0 2 0 0
2284 4 1 1 0 0 0 2 0 0
2286 2 0 0 1 0 0 0 0 0
2293 4 1 1 1 0 0 0 0 0
2297 2 1 1 1 0 0 1 0 0
2302 6 1 1 1 0 0 1 0 0
2303 1 0 0 0 0 0 0 0 0
2305 9 1 1 0 0 0 3 0 0
2317 3 1 1 2 0 0 0 0 0
2318 8 0 0 2 0 0 1 0 0
2319 1 1 1 0 0 0 0 0 0
2328 2 0 0 1 0 0 0 0 0
2329 15 1 1 1 0 0 4 0 0
2335 5 0 0 1 0 0 0 0 0
2336 1 1 1 0 0 0 0 0 0
2344 1 0 0 0 0 0 1 0 0
2358 2 2 2 0 0 0 0 0 0
2360 3 0 0 1 0 0 0 0 0
2364 3 0 0 0 0 0 2 0 0
2366 2 0 0 0 0 0 0 0 0
2370 2 0 0 0 0 0 0 0 0
2378 3 0 0 1 0 0 0 0 0
2401 11 1 1 1 0 0 2 0 0
2405 4 0 0 2 0 0 0 0 0
2406 2 0 0 0 0 0 1 0 0
2423 2 1 1 1 0 0 0 0 0
2429 1 0 0 0 0 0 1 0 0
2431 2 0 0 0 0 0 0 0 0
2432 3 0 0 0 0 0 0 0 0
2436 10 1 1 0 0 0 2 0 0
2439 4 0 0 2 0 0 0 0 0
2451 6 0 0 0 0 0 0 0 0
2453 4 1 1 0 0 0 0 0 0
2497 4 0 0 2 0 0 2 0 0
2498 30 1 1 6 0 0 10 0 0
2500 24 0 0 21 0 0 0 0 0
fn=_dl_map_object_from_fd
893 30 2 2 0 0 0 22 2 2
903 8 0 0 2 0 0 4 1 1
904 2 0 0 0 0 0 2 0 0
919 31 1 1 11 0 0 0 0 0
920 10 0 0 5 0 0 0 0 0
937 4 1 1 2 0 0 0 0 0
961 4 0 0 2 0 0 0 0 0
971 4 0 0 2 0 0 0 0 0
993 8 1 1 4 0 0 0 0 0
1025 4 0 0 0 0 0 0 0 0
1028 16 1 1 10 0 0 2 0 0
1029 4 0 0 0 0 0 0 0 0
1040 6 0 0 4 0 0 2 2 2
1041 8 1 1 4 0 0 4 0 0
1042 4 1 1 2 0 0 2 0 0
1044 8 0 0 0 0 0 0 0 0
1045 8 0 0 4 0 0 0 0 0
1046 2 0 0 0 0 0 0 0 0
1063 2 0 0 0 0 0 2 0 0
1065 20 1 1 0 0 0 4 0 0
1073 142 0 0 0 0 0 0 0 0
1074 127 2 2 17 1 1 0 0 0
1080 4 0 0 2 0 0 2 0 0
1081 6 0 0 2 0 0 2 0 0
1082 2 0 0 0 0 0 0 0 0
1085 2 0 0 1 0 0 1 0 0
1086 1 0 0 0 0 0 0 0 0
1091 20 1 1 8 0 0 0 0 0
1096 32 1 1 8 0 0 0 0 0
1104 16 0 0 0 0 0 0 0 0
1105 16 0 0 0 0 0 4 2 2
1106 20 0 0 4 0 0 4 0 0
1107 4 1 1 0 0 0 4 2 2
1108 8 0 0 4 0 0 4 0 0
1109 8 0 0 0 0 0 4 1 1
1113 8 0 0 0 0 0 0 0 0
1114 12 0 0 6 0 0 2 0 0
1118 36 1 1 4 0 0 4 0 0
1129 4 0 0 0 0 0 0 0 0
1132 3 1 1 1 1 1 0 0 0
1136 1 0 0 0 0 0 1 1 1
1137 3 0 0 2 0 0 1 0 0
1138 2 0 0 0 0 0 0 0 0
1141 3 0 0 0 0 0 1 0 0
1142 2 0 0 1 0 0 1 0 0
1145 1 0 0 0 0 0 1 0 0
1149 4 0 0 1 0 0 0 0 0
1155 3 0 0 1 0 0 2 0 0
1156 1 0 0 0 0 0 0 0 0
1160 16 1 1 2 0 0 6 0 0
1168 4 0 0 0 0 0 2 0 0
1211 4 1 1 2 0 0 2 0 0
1212 2 0 0 0 0 0 0 0 0
1215 4 1 1 2 0 0 2 1 1
1216 6 0 0 4 0 0 2 0 0
1217 2 0 0 0 0 0 0 0 0
1220 6 0 0 2 0 0 0 0 0
1229 4 0 0 0 0 0 0 0 0
1239 18 1 1 8 0 0 2 0 0
1251 8 1 1 4 0 0 0 0 0
1255 2 1 1 1 0 0 0 0 0
1260 6 0 0 2 0 0 2 0 0
1267 4 0 0 0 0 0 0 0 0
1282 6 1 1 2 0 0 0 0 0
1301 4 0 0 2 0 0 2 0 0
1303 10 0 0 4 0 0 0 0 0
1357 6 1 1 2 1 1 0 0 0
1358 2 0 0 1 0 0 1 0 0
1361 8 0 0 2 0 0 2 0 0
1370 4 0 0 2 0 0 0 0 0
1372 8 0 0 4 0 0 2 0 0
1374 4 1 1 2 0 0 0 0 0
1390 4 0 0 0 0 0 2 0 0
1394 4 0 0 2 0 0 0 0 0
1395 4 0 0 2 0 0 0 0 0
1412 4 1 1 2 0 0 0 0 0
1413 2 0 0 0 0 0 1 0 0
1416 6 0 0 2 0 0 4 0 0
1421 4 0 0 2 0 0 0 0 0
1431 4 1 1 2 0 0 0 0 0
1441 6 0 0 2 0 0 2 0 0
1445 8 0 0 2 0 0 0 0 0
1465 16 0 0 14 0 0 0 0 0
fn=fillin_rpath
383 5 1 1 0 0 0 1 0 0
387 3 1 1 0 0 0 1 0 0
444 16 2 2 0 0 0 12 0 0
446 1 0 0 0 0 0 0 0 0
448 12 0 0 4 0 0 2 0 0
455 2 0 0 1 0 0 0 0 0
461 2 0 0 0 0 0 0 0 0
466 2 0 0 0 0 0 1 0 0
467 2 0 0 0 0 0 0 0 0
474 8 1 1 1 0 0 0 0 0
479 3 1 1 0 0 0 1 0 0
483 3 1 1 1 0 0 0 0 0
490 15 1 1 5 0 0 0 0 0
491 8 0 0 4 0 0 0 0 0
509 4 2 2 1 0 0 1 0 0
512 5 1 1 1 0 0 2 0 0
513 2 0 0 1 0 0 0 0 0
515 3 0 0 1 0 0 0 0 0
519 1 0 0 0 0 0 1 0 0
520 1 0 0 0 0 0 0 0 0
521 4 0 0 0 0 0 2 0 0
522 1 0 0 0 0 0 1 0 0
524 2 0 0 1 0 0 0 0 0
530 4 1 1 1 0 0 0 0 0
531 18 3 3 1 0 0 0 0 0
532 11 0 0 0 0 0 4 0 0
534 2 1 1 1 0 0 1 0 0
535 3 0 0 1 0 0 0 0 0
540 2 0 0 0 0 0 1 0 0
542 3 0 0 1 0 0 1 0 0
543 1 0 0 0 0 0 1 0 0
546 2 1 1 0 0 0 1 0 0
548 3 0 0 0 0 0 1 0 0
552 1 0 0 0 0 0 1 0 0
555 9 0 0 7 0 0 0 0 0
fn=open_path
2040 8 1 1 0 0 0 6 1 1
2041 2 0 0 1 0 0 1 1 1
2044 1 0 0 0 0 0 1 0 0
2045 1 0 0 0 0 0 1 0 0
2047 2 0 0 0 0 0 0 0 0
2052 17 1 1 2 0 0 7 2 2
2055 1 0 0 1 0 0 0 0 0
2064 2 1 1 1 0 0 0 0 0
2071 5 0 0 2 0 0 2 1 1
2072 21 1 1 1 0 0 0 0 0
2075 8 1 1 4 0 0 0 0 0
2078 8 0 0 0 0 0 0 0 0
2079 32 1 1 20 0 0 8 0 0
2080 16 0 0 4 0 0 0 0 0
2085 8 0 0 4 0 0 0 0 0
2086 3 1 1 0 0 0 0 0 0
2088 40 1 1 20 0 0 8 0 0
2090 20 0 0 12 0 0 0 0 0
2092 8 0 0 0 0 0 0 0 0
2097 8 1 1 4 0 0 0 0 0
2098 36 0 0 16 0 0 0 0 0
2104 14 2 2 4 0 0 5 0 0
2106 24 0 0 4 0 0 4 0 0
2107 2 0 0 1 0 0 0 0 0
2109 17 0 0 0 0 0 4 0 0
2116 12 0 0 4 0 0 0 0 0
2126 4 0 0 1 0 0 1 0 0
2154 1 0 0 0 0 0 0 0 0
2157 7 1 1 1 0 0 0 0 0
2162 1 0 0 1 0 0 0 0 0
2164 4 1 1 3 0 0 0 0 0
2167 3 0 0 1 0 0 0 0 0
2181 8 0 0 7 0 0 0 0 0
fn=open_verify.constprop.7
1717 84 1 1 6 0 0 54 3 3
1756 28 0 0 6 0 0 0 0 0
1787 30 1 1 0 0 0 12 0 0
1789 14 0 0 0 0 0 0 0 0
1799 2 0 0 0 0 0 2 0 0
1800 4 0 0 0 0 0 2 2 2
1805 16 1 1 4 0 0 4 0 0
1807 4 0 0 0 0 0 0 0 0
1809 6 0 0 2 0 0 2 0 0
1811 4 0 0 0 0 0 0 0 0
1817 4 0 0 0 0 0 0 0 0
1826 2 2 2 1 0 0 0 0 0
1833 36 4 4 5 0 0 5 0 0
1907 4 0 0 2 0 0 0 0 0
1912 4 0 0 2 0 0 0 0 0
1914 8 0 0 2 0 0 0 0 0
1920 4 0 0 0 0 0 0 0 0
1931 4 0 0 2 0 0 0 0 0
1937 12 1 1 2 2 2 0 0 0
1938 8 0 0 2 0 0 0 0 0
1939 6 0 0 2 0 0 2 0 0
1959 108 2 2 14 0 0 0 0 0
1961 36 1 1 17 10 10 0 0 0
1965 8 0 0 4 0 0 0 0 0
1966 6 0 0 2 0 0 0 0 0
1975 18 1 1 0 0 0 3 0 0
1978 14 0 0 4 0 0 0 0 0
1982 6 0 0 0 0 0 0 0 0
1987 1 0 0 0 0 0 0 0 0
1988 1 0 0 0 0 0 0 0 0
1991 2 0 0 0 0 0 0 0 0
1994 7 0 0 3 0 0 0 0 0
1997 3 0 0 1 0 0 0 0 0
1998 5 0 0 1 0 0 0 0 0
2003 4 1 1 0 0 0 0 0 0
2026 48 1 1 42 0 0 0 0 0
fl=/build/glibc-S7Ft5T/glibc-2.23/elf/dl-lookup.c
fn=_dl_lookup_symbol_x
568 5368 1 1 1257 84 80 85 0 0
569 4688 0 0 0 0 0 0 0 0
806 1275 1 1 85 0 0 765 7 0
808 170 0 0 0 0 0 85 1 0
809 170 0 0 0 0 0 170 0 0
812 85 0 0 85 2 0 0 0 0
816 326 1 1 78 0 0 0 0 0
820 595 0 0 170 0 0 255 0 0
821 170 0 0 0 0 0 0 0 0
823 170 0 0 170 2 0 0 0 0
827 285 1 1 6 0 0 0 0 0
829 1190 2 2 595 0 0 595 3 0
832 255 0 0 0 0 0 0 0 0
835 6 0 0 0 0 0 0 0 0
858 170 0 0 85 0 0 0 0 0
860 42 1 1 12 0 0 0 0 0
876 6 0 0 0 0 0 6 0 0
877 12 0 0 0 0 0 0 0 0
880 79 0 0 79 0 0 0 0 0
881 553 0 0 158 0 0 0 0 0
912 79 1 1 0 0 0 0 0 0
921 395 0 0 79 0 0 0 0 0
935 237 0 0 79 2 0 0 0 0
936 2 1 1 0 0 0 1 0 0
938 316 0 0 158 0 0 0 0 0
943 79 1 1 0 0 0 79 0 0
945 680 0 0 595 0 0 0 0 0
fn=_dl_setup_hash
956 12 1 1 4 0 0 0 0 0
960 4 0 0 4 0 0 0 0 0
964 8 0 0 4 4 4 4 0 0
965 4 0 0 4 0 0 0 0 0
966 4 0 0 4 1 1 0 0 0
968 12 0 0 0 0 0 0 0 0
969 4 0 0 0 0 0 4 0 0
970 12 0 0 4 0 0 4 0 0
972 4 1 1 0 0 0 4 0 0
973 8 0 0 0 0 0 0 0 0
975 4 0 0 0 0 0 4 0 0
977 12 0 0 0 0 0 4 0 0
978 4 0 0 4 0 0 0 0 0
fn=check_match
92 632 1 1 158 10 7 316 3 0
95 553 0 0 158 7 7 0 0 0
107 474 1 1 79 0 0 79 5 0
110 406 0 0 30 0 0 15 0 0
114 79 1 1 79 1 0 0 0 0
115 158 0 0 0 0 0 0 0 0
117 156 0 0 0 0 0 0 0 0
136 156 0 0 156 6 2 0 0 0
137 624 0 0 234 3 0 0 0 0
138 468 2 2 156 2 0 78 0 0
165 2 0 0 0 0 0 0 0 0
167 6 0 0 2 0 0 0 0 0
168 4 0 0 0 0 0 0 0 0
176 79 0 0 0 0 0 0 0 0
183 474 1 1 395 0 0 0 0 0
fn=do_lookup_x
311 188 0 0 0 0 0 0 0 0
355 1020 2 2 85 0 0 850 11 1
356 85 0 0 85 2 0 0 0 0
362 85 0 0 85 0 0 0 0 0
366 534 0 0 534 9 0 0 0 0
369 534 0 0 0 0 0 0 0 0
373 959 1 1 85 0 0 170 0 0
377 534 1 1 267 5 0 0 0 0
381 534 0 0 267 1 0 0 0 0
387 801 0 0 267 3 0 0 0 0
391 267 0 0 0 0 0 267 0 0
392 267 1 1 0 0 0 267 0 0
395 801 0 0 534 12 0 267 0 0
396 801 0 0 534 4 0 267 0 0
399 267 0 0 267 0 0 0 0 0
400 534 0 0 0 0 0 0 0 0
402 801 0 0 801 37 33 0 0 0
403 340 0 0 0 0 0 85 0 0
410 3447 1 1 886 0 0 170 0 0
413 498 1 1 249 46 44 0 0 0
415 166 1 1 0 0 0 0 0 0
417 1079 1 1 332 0 0 415 0 0
420 810 0 0 162 60 57 0 0 0
422 316 0 0 79 0 0 0 0 0
423 1185 1 1 553 0 0 474 1 0
427 237 1 1 0 0 0 0 0 0
430 249 0 0 0 0 0 0 0 0
439 711 2 2 395 0 0 0 0 0
461 8 1 1 4 0 0 0 0 0
469 158 1 1 79 0 0 0 0 0
519 588 0 0 79 0 0 0 0 0
523 33 0 0 11 1 0 0 0 0
535 158 1 1 79 0 0 79 0 0
536 79 0 0 0 0 0 79 0 0
537 158 0 0 0 0 0 0 0 0
553 1348 1 1 512 0 0 0 0 0
554 115 0 0 0 0 0 23 0 0
555 28 2 2 20 0 0 0 0 0
557 564 0 0 0 0 0 0 0 0
560 6 0 0 0 0 0 0 0 0
561 680 1 1 595 0 0 0 0 0
fl=/build/glibc-S7Ft5T/glibc-2.23/elf/dl-minimal.c
fn=__libc_memalign
52 66 1 1 0 0 0 44 0 0
53 87 1 1 43 0 0 0 0 0
58 5 0 0 0 0 0 1 0 0
59 2 1 1 1 0 0 0 0 0
64 88 0 0 0 0 0 22 0 0
67 146 0 0 0 0 0 0 0 0
71 8 1 1 2 0 0 0 0 0
72 4 0 0 0 0 0 0 0 0
78 16 0 0 0 0 0 2 0 0
80 10 0 0 4 0 0 0 0 0
84 6 0 0 0 0 0 2 0 0
87 22 0 0 0 0 0 22 0 0
88 22 0 0 0 0 0 22 0 0
90 110 0 0 66 0 0 0 0 0
fn=calloc
103 8 1 1 0 0 0 0 0 0
107 8 0 0 0 0 0 0 0 0
111 40 0 0 0 0 0 0 0 0
114 8 0 0 0 0 0 0 0 0
fn=free
120 1 1 1 0 0 0 1 0 0
122 3 0 0 1 0 0 0 0 0
129 2 0 0 2 0 0 0 0 0
fn=malloc
94 21 1 1 0 0 0 0 0 0
95 42 0 0 0 0 0 0 0 0
fn=strsep
354 4 1 1 2 0 0 0 0 0
356 2 0 0 2 0 0 0 0 0
357 4 0 0 0 0 0 0 0 0
361 77 1 1 15 0 0 0 0 0
366 56 0 0 28 0 0 0 0 0
368 84 0 0 28 0 0 0 0 0
376 14 0 0 0 0 0 0 0 0
379 1 0 0 0 0 0 1 0 0
383 2 0 0 2 0 0 0 0 0
fl=/build/glibc-S7Ft5T/glibc-2.23/elf/dl-misc.c
fn=_dl_name_match_p
288 185 1 1 0 0 0 74 6 2
289 148 0 0 37 1 0 37 0 0
290 40 0 0 0 0 0 0 0 0
292 37 0 0 37 0 0 0 0 0
294 150 0 0 0 0 0 0 0 0
295 205 1 1 41 2 0 41 0 0
298 38 0 0 38 0 0 0 0 0
300 34 0 0 0 0 0 0 0 0
301 185 0 0 111 0 0 0 0 0
fn=_dl_sysdep_read_whole_file
45 8 2 2 0 0 0 4 1 1
52 3 0 0 0 0 0 1 0 0
53 2 0 0 0 0 0 0 0 0
55 7 0 0 0 0 0 1 0 0
57 2 0 0 1 0 0 1 0 0
60 2 0 0 0 0 0 0 0 0
62 8 1 1 0 0 0 1 0 0
73 2 0 0 0 0 0 1 0 0
76 7 0 0 5 0 0 0 0 0
fl=/build/glibc-S7Ft5T/glibc-2.23/elf/dl-object.c
fn=_dl_add_to_namespace_list
32 15 1 1 0 0 0 9 0 0
34 9 1 1 3 0 0 3 0 0
36 22 0 0 3 0 0 0 0 0
39 15 0 0 5 0 0 0 0 0
41 2 0 0 0 0 0 2 0 0
43 2 0 0 0 0 0 2 0 0
46 2 1 1 0 0 0 1 0 0
47 9 0 0 3 0 0 0 0 0
48 6 0 0 3 0 0 3 0 0
49 6 0 0 0 0 0 3 0 0
51 6 0 0 3 0 0 0 0 0
52 9 0 0 9 0 0 0 0 0
fn=_dl_new_object
61 42 1 1 0 0 0 30 3 3
62 9 0 0 0 0 0 3 1 1
68 39 3 3 6 0 0 0 0 0
75 15 0 0 0 0 0 6 0 0
78 6 0 0 0 0 0 0 0 0
81 3 0 0 0 0 0 3 2 2
82 6 0 0 0 0 0 3 3 3
85 6 0 0 0 0 0 3 1 1
87 15 1 1 6 0 0 6 1 1
89 3 0 0 0 0 0 3 0 0
97 18 1 1 6 0 0 3 1 1
98 18 0 0 6 3 3 3 0 0
101 6 0 0 3 0 0 0 0 0
102 8 0 0 2 0 0 3 3 3
103 3 0 0 0 0 0 3 0 0
107 3 0 0 0 0 0 3 0 0
110 44 1 1 0 0 0 0 0 0
112 32 0 0 0 0 0 16 4 4
122 6 0 0 0 0 0 3 1 1
123 3 0 0 0 0 0 3 3 3
128 18 1 1 3 1 1 0 0 0
130 8 0 0 0 0 0 2 1 1
133 8 1 1 0 0 0 0 0 0
137 6 0 0 2 0 0 0 0 0
141 12 0 0 0 0 0 0 0 0
143 5 1 1 1 0 0 0 0 0
149 1 0 0 0 0 0 1 0 0
152 6 0 0 0 0 0 3 0 0
155 9 1 1 0 0 0 3 0 0
157 14 0 0 2 0 0 4 0 0
161 8 0 0 2 0 0 0 0 0
165 6 0 0 0 0 0 2 0 0
166 8 0 0 0 0 0 0 0 0
168 1 1 1 0 0 0 0 0 0
211 48 2 2 4 0 0 2 0 0
216 42 0 0 0 0 0 0 0 0
217 88 0 0 42 0 0 0 0 0
222 4 0 0 0 0 0 2 0 0
225 4 0 0 0 0 0 2 0 0
229 24 0 0 21 0 0 0 0 0
fl=/build/glibc-S7Ft5T/glibc-2.23/elf/dl-open.c
fn=_dl_find_dso_for_object
182 5 2 2 1 0 0 0 0 0
183 10 1 1 3 0 0 0 0 0
184 12 0 0 6 1 0 0 0 0
185 2 0 0 1 0 0 0 0 0
188 2 0 0 1 0 0 0 0 0
192 1 0 0 1 0 0 0 0 0
fl=/build/glibc-S7Ft5T/glibc-2.23/elf/dl-reloc.c
fn=_dl_relocate_object
149 48 2 2 0 0 0 32 0 0
156 4 0 0 0 0 0 4 0 0
159 8 0 0 0 0 0 0 0 0
160 24 0 0 0 0 0 12 0 0
164 8 0 0 0 0 0 0 0 0
165 24 0 0 4 1 0 4 0 0
171 8 0 0 4 0 0 0 0 0
177 12 1 1 4 0 0 0 0 0
178 8 1 1 4 3 0 0 0 0
181 8 0 0 4 0 0 0 0 0
188 8 0 0 4 0 0 0 0 0
232 12 0 0 8 0 0 4 0 0
258 192 4 4 59 12 0 53 0 0
261 16 0 0 4 0 0 0 0 0
285 4 0 0 4 0 0 0 0 0
288 8 0 0 4 0 0 0 0 0
305 12 0 0 4 3 0 0 0 0
307 32 0 0 28 1 0 0 0 0
313 28 1 1 12 0 0 4 0 0
316 8 0 0 0 0 0 0 0 0
320 8 0 0 0 0 0 0 0 0
321 28 1 1 4 0 0 4 0 0
fl=/build/glibc-S7Ft5T/glibc-2.23/elf/dl-tls.c
fn=_dl_add_to_slotinfo
890 4 1 1 0 0 0 3 0 0
896 2 1 1 1 0 0 0 0 0
899 1 0 0 1 1 0 0 0 0
904 5 0 0 1 0 0 0 0 0
945 1 0 0 0 0 0 1 1 0
946 3 1 1 1 1 0 1 0 0
947 4 0 0 4 0 0 0 0 0
fn=_dl_allocate_tls_init
449 7 0 0 0 0 0 6 0 0
450 2 1 1 0 0 0 0 0 0
454 2 0 0 1 1 0 1 0 0
456 1 0 0 0 0 0 1 0 0
457 3 0 0 1 0 0 0 0 0
460 4 1 1 2 1 0 1 0 0
472 1 0 0 1 0 0 0 0 0
477 9 0 0 1 0 0 0 0 0
483 16 1 1 1 0 0 1 0 0
486 1 0 0 1 0 0 0 0 0
487 2 1 1 0 0 0 0 0 0
493 3 0 0 2 0 0 0 0 0
494 2 0 0 0 0 0 0 0 0
496 5 0 0 2 0 0 1 0 0
497 1 0 0 0 0 0 1 0 0
499 3 0 0 0 0 0 0 0 0
500 1 1 1 1 0 0 0 0 0
503 2 0 0 0 0 0 0 0 0
504 4 0 0 2 0 0 0 0 0
506 2 0 0 0 0 0 0 0 0
515 12 1 1 4 0 0 2 0 0
529 2 1 1 1 0 0 1 0 0
531 1 0 0 1 0 0 0 0 0
532 8 0 0 7 0 0 0 0 0
fn=_dl_allocate_tls_storage
321 2 1 1 1 0 0 0 0 0
322 3 0 0 0 0 0 1 0 0
323 2 0 0 0 0 0 0 0 0
326 1 0 0 0 0 0 1 1 1
332 2 0 0 0 0 0 1 0 0
354 3 1 1 0 0 0 3 0 0
356 1 0 0 1 0 0 0 0 0
367 3 0 0 1 0 0 1 0 0
368 2 0 0 0 0 0 0 0 0
375 2 1 1 0 0 0 0 0 0
379 297 0 0 0 0 0 289 36 36
396 5 0 0 4 0 0 0 0 0
fn=_dl_count_modids
115 2 1 1 1 0 0 0 0 0
116 2 0 0 2 0 0 0 0 0
fn=_dl_determine_tlsoffset
138 7 1 1 0 0 0 6 0 0
144 3 0 0 1 0 0 0 0 0
147 2 0 0 1 0 0 0 0 0
183 9 0 0 2 1 1 0 0 0
185 10 1 1 1 0 0 0 0 0
187 4 0 0 1 0 0 0 0 0
188 1 1 1 1 0 0 0 0 0
190 3 1 1 0 0 0 0 0 0
192 7 0 0 1 0 0 0 0 0
208 6 0 0 0 0 0 0 0 0
210 4 0 0 0 0 0 0 0 0
220 1 1 1 0 0 0 1 0 0
223 4 0 0 0 0 0 1 0 0
224 1 0 0 0 0 0 1 0 0
275 1 1 1 0 0 0 1 0 0
276 8 0 0 7 0 0 0 0 0
fn=_dl_next_tls_modid
49 1 1 1 0 0 0 0 0 0
52 4 0 0 2 0 0 0 0 0
100 1 0 0 0 0 0 1 0 0
104 2 1 1 1 0 0 0 0 0
fl=/build/glibc-S7Ft5T/glibc-2.23/elf/dl-version.c
fn=_dl_check_all_versions
380 5 1 1 0 0 0 4 0 0
384 19 0 0 4 0 0 0 0 0
385 4 0 0 0 0 0 0 0 0
386 40 1 1 4 0 0 4 0 0
389 7 0 0 5 0 0 0 0 0
fn=_dl_check_map_versions
56 24 0 0 4 0 0 0 0 0
57 5 0 0 5 0 0 0 0 0
58 37 1 1 0 0 0 7 0 0
174 36 1 1 0 0 0 24 0 0
175 2 0 0 0 0 0 0 0 0
183 2 0 0 0 0 0 0 0 0
189 12 1 1 4 0 0 0 0 0
190 2 0 0 0 0 0 0 0 0
191 8 0 0 4 0 0 4 0 0
193 8 0 0 4 0 0 4 0 0
194 16 0 0 4 0 0 12 0 0
196 8 0 0 0 0 0 0 0 0
199 6 1 1 4 0 0 2 0 0
203 10 0 0 2 2 2 0 0 0
220 4 0 0 4 0 0 0 0 0
228 6 0 0 2 0 0 0 0 0
233 16 1 1 4 0 0 0 0 0
237 74 1 1 40 2 2 8 0 0
244 24 0 0 12 0 0 0 0 0
247 12 0 0 4 0 0 0 0 0
252 2 0 0 0 0 0 0 0 0
256 12 1 1 4 0 0 0 0 0
270 8 1 1 4 0 0 0 0 0
273 8 0 0 6 0 0 0 0 0
276 120 0 0 30 6 6 0 0 0
279 90 0 0 30 3 3 0 0 0
283 28 0 0 0 0 0 0 0 0
287 9 1 1 0 0 0 0 0 0
292 3 0 0 0 0 0 3 0 0
293 12 0 0 0 0 0 3 0 0
294 6 1 1 0 0 0 0 0 0
302 3 0 0 0 0 0 3 0 0
305 9 0 0 6 0 0 3 1 0
307 9 0 0 3 0 0 0 0 0
310 8 1 1 6 0 0 0 0 0
314 6 0 0 2 0 0 0 0 0
317 12 0 0 4 0 0 0 0 0
319 12 0 0 0 0 0 0 0 0
321 20 0 0 4 0 0 4 0 0
322 12 0 0 0 0 0 4 2 2
323 12 1 1 4 0 0 4 0 0
324 12 0 0 4 0 0 4 1 1
327 12 0 0 4 0 0 0 0 0
332 2 0 0 0 0 0 0 0 0
335 6 0 0 2 0 0 0 0 0
345 9 0 0 3 0 0 0 0 0
348 8 1 1 6 0 0 0 0 0
352 28 0 0 28 0 0 0 0 0
354 60 0 0 30 0 0 0 0 0
359 168 0 0 56 0 0 28 8 8
360 84 0 0 28 0 0 28 0 0
361 28 0 0 0 0 0 28 3 3
364 90 0 0 30 0 0 0 0 0
368 28 0 0 0 0 0 0 0 0
374 35 1 1 28 0 0 0 0 0
fn=match_symbol
76 52 2 2 0 0 0 32 1 1
77 8 0 0 8 0 0 0 0 0
85 8 0 0 4 0 0 0 0 0
91 12 0 0 4 0 0 0 0 0
106 4 1 1 4 0 0 0 0 0
107 8 0 0 0 0 0 0 0 0
109 4 0 0 4 0 0 0 0 0
114 36 0 0 18 6 6 0 0 0
128 36 0 0 18 0 0 0 0 0
133 28 1 1 8 0 0 4 0 0
140 42 0 0 14 2 2 0 0 0
144 14 0 0 0 0 0 0 0 0
168 32 0 0 28 0 0 0 0 0
fl=/build/glibc-S7Ft5T/glibc-2.23/elf/do-rel.h
fn=_dl_relocate_object
47 24 0 0 8 0 0 8 0 0
48 8 0 0 8 0 0 0 0 0
58 24 1 1 8 0 0 0 0 0
61 72 0 0 0 0 0 0 0 0
63 76 1 1 19 7 7 0 0 0
65 26 0 0 0 0 0 0 0 0
74 6 1 1 0 0 0 0 0 0
75 46 1 1 17 0 0 0 0 0
76 16 0 0 8 0 0 0 0 0
83 10 1 1 5 0 0 5 0 0
84 5 1 1 5 0 0 0 0 0
86 15 0 0 5 0 0 0 0 0
98 15 0 0 0 0 0 0 0 0
108 9 1 1 1 1 1 0 0 0
111 3584 0 0 0 0 0 0 0 0
112 2384 0 0 1192 0 0 0 0 0
118 15 0 0 5 4 0 0 0 0
121 8 0 0 4 2 0 4 1 0
124 296 1 1 99 1 0 3 1 0
127 368 0 0 92 25 21 0 0 0
129 8 0 0 0 0 0 0 0 0
136 368 1 1 184 46 43 0 0 0
137 593 0 0 92 0 0 92 0 0
138 92 0 0 92 1 0 0 0 0
139 184 0 0 92 0 0 0 0 0
143 6 1 1 0 0 0 0 0 0
160 24 3 3 8 0 0 3 0 0
162 20 0 0 5 2 2 0 0 0
170 30 1 1 5 0 0 5 0 0
171 10 0 0 10 0 0 0 0 0
174 2 0 0 0 0 0 0 0 0
fn=_dl_start
83 1 0 0 1 0 0 0 0 0
84 1 0 0 1 0 0 0 0 0
111 33 0 0 0 0 0 0 0 0
112 20 0 0 10 2 2 0 0 0
116 2 0 0 1 0 0 0 0 0
124 22 0 0 0 0 0 0 0 0
136 6 0 0 6 2 2 0 0 0
137 36 1 1 6 0 0 0 0 0
fl=/build/glibc-S7Ft5T/glibc-2.23/elf/get-dynamic-info.h
fn=_dl_map_object_from_fd
39 4 0 0 0 0 0 0 0 0
43 2 0 0 0 0 0 0 0 0
45 141 1 1 47 13 13 0 0 0
47 90 1 1 0 0 0 0 0 0
60 42 0 0 0 0 0 0 0 0
61 71 0 0 0 0 0 43 11 11
62 8 0 0 0 0 0 0 0 0
64 2 0 0 0 0 0 0 0 0
65 10 1 1 0 0 0 0 0 0
67 2 0 0 0 0 0 0 0 0
68 10 1 1 0 0 0 0 0 0
70 10 0 0 0 0 0 2 0 0
71 45 0 0 0 0 0 0 0 0
78 4 0 0 0 0 0 0 0 0
98 7 0 0 3 0 0 0 0 0
99 8 0 0 4 0 0 0 0 0
100 8 1 1 4 0 0 0 0 0
101 8 0 0 4 0 0 0 0 0
103 8 0 0 4 0 0 0 0 0
108 8 0 0 4 0 0 0 0 0
109 7 0 0 3 1 1 0 0 0
110 8 1 1 4 0 0 0 0 0
116 6 0 0 2 0 0 0 0 0
121 4 0 0 2 0 0 0 0 0
128 4 0 0 2 0 0 0 0 0
129 6 1 1 4 0 0 0 0 0
145 6 0 0 2 1 1 0 0 0
150 2 0 0 1 0 0 1 0 0
152 2 0 0 0 0 0 0 0 0
154 2 0 0 0 0 0 0 0 0
156 2 0 0 0 0 0 0 0 0
159 6 1 1 2 0 0 0 0 0
161 4 0 0 1 0 0 1 0 0
169 2 0 0 1 0 0 0 0 0
174 2 0 0 0 0 0 0 0 0
177 4 1 1 2 0 0 0 0 0
fn=_dl_start
45 57 1 1 19 5 5 0 0 0
47 36 0 0 0 0 0 0 0 0
48 26 0 0 0 0 0 13 4 4
60 21 0 0 0 0 0 0 0 0
61 18 2 2 0 0 0 4 3 3
62 4 1 1 0 0 0 0 0 0
64 1 0 0 0 0 0 0 0 0
65 5 1 1 0 0 0 0 0 0
67 2 0 0 0 0 0 0 0 0
68 5 1 1 0 0 0 0 0 0
70 6 0 0 0 0 0 1 1 1
71 18 0 0 0 0 0 0 0 0
78 2 0 0 0 0 0 0 0 0
98 4 0 0 2 0 0 0 0 0
99 4 0 0 2 0 0 0 0 0
100 4 1 1 2 0 0 0 0 0
101 4 0 0 2 0 0 0 0 0
103 4 0 0 2 0 0 0 0 0
108 4 0 0 2 0 0 0 0 0
109 4 1 1 2 0 0 0 0 0
110 4 0 0 2 0 0 0 0 0
116 3 0 0 1 0 0 0 0 0
121 2 0 0 1 0 0 0 0 0
128 3 0 0 1 0 0 0 0 0
129 3 1 1 2 0 0 0 0 0
137 3 0 0 1 0 0 0 0 0
139 3 0 0 1 0 0 0 0 0
142 2 1 1 1 0 0 0 0 0
143 2 0 0 1 0 0 0 0 0
fn=dl_main
30 1 0 0 1 0 0 0 0 0
39 2 0 0 0 0 0 0 0 0
43 1 0 0 0 0 0 0 0 0
45 72 0 0 24 7 7 0 0 0
47 46 0 0 0 0 0 0 0 0
60 17 0 0 0 0 0 0 0 0
61 33 0 0 0 0 0 22 6 6
62 4 1 1 0 0 0 0 0 0
64 1 0 0 0 0 0 0 0 0
65 5 1 1 0 0 0 0 0 0
67 1 1 1 0 0 0 0 0 0
68 5 1 1 0 0 0 0 0 0
70 5 1 1 0 0 0 1 0 0
71 23 0 0 0 0 0 0 0 0
78 3 0 0 1 0 0 0 0 0
116 3 1 1 1 0 0 0 0 0
121 2 0 0 1 0 0 0 0 0
128 2 0 0 1 0 0 0 0 0
129 3 1 1 2 0 0 0 0 0
145 3 0 0 1 0 0 0 0 0
159 3 1 1 1 0 0 0 0 0
177 2 1 1 1 0 0 0 0 0
fl=/build/glibc-S7Ft5T/glibc-2.23/elf/rtld.c
fn=_dl_initial_error_catch_tsd
664 8 0 0 4 0 0 0 0 0
fn=_dl_start
302 2 0 0 0 0 0 1 1 1
303 2 0 0 0 0 0 1 0 0
304 2 0 0 0 0 0 1 1 1
305 2 0 0 0 0 0 1 0 0
306 2 1 1 0 0 0 1 0 0
314 5 0 0 0 0 0 1 1 1
317 1 0 0 0 0 0 1 1 1
323 4 1 0 0 0 0 1 0 0
332 1 0 0 0 0 0 0 0 0
335 5 0 0 1 1 0 1 1 0
339 2 0 0 1 0 0 0 0 0
353 9 2 2 0 0 0 6 1 1
371 5 0 0 0 0 0 1 1 1
394 1 0 0 0 0 0 1 0 0
397 1 0 0 0 0 0 1 1 1
408 2 0 0 0 0 0 0 0 0
413 26 2 2 9 0 0 0 0 0
415 1 1 1 1 1 1 0 0 0
440 9 0 0 7 1 0 0 0 0
fn=dl_main
719 1 0 0 1 0 0 0 0 0
721 3 0 0 1 0 0 1 0 0
730 1 1 1 0 0 0 1 0 0
732 1 0 0 0 0 0 1 0 0
737 1 0 0 0 0 0 1 0 0
790 12 2 2 0 0 0 7 1 1
799 1 0 0 0 0 0 0 0 0
805 1 0 0 0 0 0 1 0 0
809 2 0 0 0 0 0 1 0 0
812 2 0 0 0 0 0 1 1 1
816 2 0 0 0 0 0 1 1 1
817 2 1 1 0 0 0 1 0 0
822 2 0 0 0 0 0 1 0 0
832 3 1 1 1 0 0 0 0 0
1033 8 1 1 0 0 0 1 0 0
1035 2 0 0 0 0 0 0 0 0
1036 1 0 0 0 0 0 1 0 0
1037 2 1 1 1 0 0 1 0 0
1038 2 0 0 1 0 0 1 0 0
1042 3 0 0 0 0 0 1 0 0
1043 3 0 0 1 0 0 0 0 0
1064 1 0 0 0 0 0 1 1 1
1065 1 1 1 0 0 0 1 0 0
1067 1 0 0 0 0 0 1 0 0
1069 1 0 0 1 0 0 0 0 0
1072 35 0 0 1 0 0 0 0 0
1073 71 1 1 9 5 5 0 0 0
1077 3 1 1 1 0 0 1 0 0
1078 1 0 0 0 0 0 0 0 0
1082 3 1 1 2 0 0 1 0 0
1083 1 0 0 0 0 0 0 0 0
1091 1 0 0 0 0 0 1 1 1
1092 2 0 0 2 1 1 0 0 0
1094 3 1 1 0 0 0 1 0 0
1101 2 0 0 1 0 0 0 0 0
1119 1 0 0 0 0 0 0 0 0
1127 8 0 0 2 0 0 0 0 0
1128 7 2 2 3 1 1 0 0 0
1129 4 1 1 2 0 0 0 0 0
1130 1 0 0 0 0 0 1 0 0
1133 4 0 0 2 1 1 0 0 0
1134 4 0 0 2 0 0 0 0 0
1135 2 0 0 0 0 0 2 0 0
1136 6 0 0 3 0 0 0 0 0
1137 2 0 0 0 0 0 1 0 0
1164 2 0 0 1 0 0 1 0 0
1165 1 0 0 0 0 0 0 0 0
1168 2 1 1 1 0 0 1 0 0
1169 2 0 0 1 0 0 1 0 0
1170 1 0 0 0 0 0 0 0 0
1175 5 1 1 3 1 1 0 0 0
1178 2 0 0 0 0 0 0 0 0
1180 2 0 0 0 0 0 0 0 0
1182 3 1 1 1 0 0 0 0 0
1195 3 0 0 1 0 0 0 0 0
1196 8 0 0 4 0 0 1 0 0
1201 1 0 0 0 0 0 1 0 0
1203 1 1 1 0 0 0 1 1 1
1204 1 0 0 0 0 0 1 0 0
1206 2 0 0 1 0 0 0 0 0
1207 2 0 0 0 0 0 1 0 0
1211 2 0 0 1 0 0 0 0 0
1213 2 1 1 0 0 0 0 0 0
1218 2 0 0 0 0 0 1 0 0
1221 2 0 0 1 0 0 0 0 0
1237 3 1 1 0 0 0 1 0 0
1243 9 1 1 1 0 0 2 0 0
1248 2 2 2 1 0 0 1 0 0
1251 4 0 0 1 0 0 1 0 0
1253 1 0 0 0 0 0 1 0 0
1258 2 0 0 1 0 0 0 0 0
1261 3 0 0 2 0 0 1 0 0
1262 4 0 0 1 0 0 1 0 0
1263 2 0 0 0 0 0 1 0 0
1264 1 0 0 0 0 0 1 0 0
1265 1 1 1 1 0 0 0 0 0
1266 1 0 0 1 0 0 0 0 0
1271 2 0 0 1 0 0 0 0 0
1272 5 1 1 1 0 0 1 0 0
1289 2 0 0 1 1 1 0 0 0
1290 2 0 0 1 0 0 0 0 0
1292 4 1 1 1 0 0 0 0 0
1294 2 0 0 0 0 0 1 0 0
1295 4 0 0 1 0 0 1 1 1
1300 3 0 0 0 0 0 0 0 0
1301 5 0 0 1 1 1 0 0 0
1303 2 1 1 1 0 0 1 1 1
1304 2 0 0 1 0 0 1 0 0
1309 2 0 0 1 0 0 0 0 0
1314 3 0 0 1 0 0 0 0 0
1491 2 1 1 0 0 0 2 0 0
1499 3 0 0 1 0 0 0 0 0
1502 1 0 0 0 0 0 1 0 0
1506 3 0 0 1 0 0 0 0 0
1511 1 0 0 0 0 0 1 0 0
1512 1 0 0 0 0 0 1 0 0
1513 1 0 0 0 0 0 0 0 0
1517 3 1 1 1 0 0 0 0 0
1532 3 0 0 2 0 0 0 0 0
1533 1 0 0 0 0 0 0 0 0
1534 1 0 0 0 0 0 0 0 0
1536 3 0 0 1 0 0 0 0 0
1538 5 0 0 0 0 0 0 0 0
1539 3 0 0 0 0 0 1 0 0
1540 1 0 0 0 0 0 0 0 0
1542 6 1 1 1 0 0 1 0 0
1552 5 0 0 0 0 0 1 0 0
1629 4 1 1 2 0 0 0 0 0
1633 8 1 1 0 0 0 0 0 0
1634 1 0 0 0 0 0 0 0 0
1637 3 0 0 0 0 0 1 0 0
1638 1 0 0 1 0 0 0 0 0
1639 2 1 1 0 0 0 0 0 0
1640 2 0 0 0 0 0 0 0 0
1646 5 0 0 0 0 0 0 0 0
1647 8 0 0 1 0 0 1 0 0
1648 1 0 0 0 0 0 0 0 0
1650 6 0 0 1 0 0 1 0 0
1653 13 1 1 2 0 0 0 0 0
1654 16 0 0 8 0 0 0 0 0
1657 3 1 1 2 0 0 1 0 0
1658 4 1 1 1 0 0 0 0 0
1659 1 0 0 0 0 0 1 0 0
1661 10 0 0 0 0 0 0 0 0
1662 11 1 1 4 0 0 0 0 0
1672 2 1 1 0 0 0 1 0 0
1674 2 0 0 1 0 0 1 0 0
1675 3 1 1 1 0 0 0 0 0
1677 2 0 0 0 0 0 1 0 0
1679 3 0 0 0 0 0 0 0 0
1681 3 0 0 1 0 0 0 0 0
1682 1 0 0 1 0 0 0 0 0
1695 2 1 1 0 0 0 0 0 0
1696 2 0 0 0 0 0 1 0 0
1697 3 0 0 1 0 0 0 0 0
1708 5 1 1 1 0 0 1 0 0
1709 1 0 0 0 0 0 1 0 0
1710 5 0 0 0 0 0 1 0 0
1720 2 0 0 1 0 0 1 0 0
1721 2 1 1 1 0 0 0 0 0
1722 2 0 0 0 0 0 2 0 0
1724 2 0 0 1 0 0 0 0 0
1729 3 0 0 1 0 0 0 0 0
1959 3 0 0 1 1 1 0 0 0
2015 2 1 1 0 0 0 1 0 0
2019 4 0 0 2 0 0 2 1 0
2023 2 1 1 1 0 0 1 0 0
2026 2 0 0 1 0 0 0 0 0
2080 3 1 1 1 0 0 0 0 0
2087 1 0 0 1 0 0 0 0 0
2089 7 1 1 1 0 0 1 0 0
2091 11 1 1 0 0 0 0 0 0
2093 12 0 0 8 1 0 0 0 0
2098 8 0 0 8 0 0 0 0 0
2100 10 0 0 0 0 0 0 0 0
2102 1 1 1 0 0 0 1 0 0
2103 1 0 0 1 0 0 0 0 0
2106 4 1 1 4 0 0 0 0 0
2108 9 0 0 0 0 0 0 0 0
2109 24 0 0 6 2 0 3 0 0
2113 14 0 0 5 2 0 0 0 0
2114 3 1 1 0 0 0 1 0 0
2116 1 0 0 0 0 0 0 0 0
2118 6 0 0 1 1 0 1 0 0
2124 2 0 0 1 0 0 0 0 0
2129 4 1 1 2 1 0 0 0 0
2131 1 0 0 1 0 0 0 0 0
2136 3 0 0 1 0 0 1 0 0
2139 2 0 0 1 0 0 0 0 0
2148 3 1 1 2 0 0 0 0 0
2150 2 0 0 1 0 0 0 0 0
2165 5 0 0 0 0 0 0 0 0
2167 1 0 0 1 0 0 0 0 0
2168 5 1 1 1 0 0 1 0 0
2169 1 0 0 0 0 0 0 0 0
2171 6 0 0 1 0 0 1 0 0
2179 1 0 0 0 0 0 1 0 0
2183 3 0 0 1 0 0 0 0 0
2203 4 0 0 0 0 0 1 0 0
2204 1 0 0 0 0 0 1 0 0
2205 1 0 0 0 0 0 1 0 0
2206 1 0 0 0 0 0 0 0 0
2210 1 0 0 0 0 0 1 0 0
2215 8 0 0 7 1 0 0 0 0
2383 2 0 0 1 0 0 1 1 1
2385 1 0 0 0 0 0 1 0 0
2386 1 0 0 0 0 0 0 0 0
2390 13 1 1 1 0 0 4 1 1
2392 15 0 0 3 0 0 3 0 0
2396 107 1 1 21 0 0 0 0 0
2397 19 0 0 0 0 0 0 0 0
2399 4 0 0 0 0 0 0 0 0
2405 14 1 1 2 1 1 0 0 0
2426 6 2 2 0 0 0 1 0 0
2433 6 1 1 0 0 0 1 0 0
2435 3 0 0 0 0 0 1 0 0
2480 3 1 1 1 0 0 0 0 0
2481 6 1 1 0 0 0 1 0 0
2483 3 2 2 0 0 0 1 1 1
2553 3 0 0 1 0 0 0 0 0
2583 3 0 0 1 0 0 0 0 0
fn=handle_ld_preload
108 3 1 1 1 0 0 0 0 0
672 1 0 0 0 0 0 1 0 0
676 1 0 0 0 0 0 1 0 0
677 2 1 1 1 0 0 1 0 0
678 1 0 0 0 0 0 1 0 0
680 1 0 0 1 0 0 0 0 0
682 13 0 0 3 0 0 4 1 1
683 3 0 0 1 0 0 0 0 0
696 3 0 0 1 0 0 0 0 0
757 9 1 1 0 0 0 7 1 1
758 1 0 0 0 0 0 0 0 0
762 6 1 1 2 0 0 0 0 0
766 2 0 0 0 0 0 0 0 0
768 6 1 1 0 0 0 1 0 0
769 2 0 0 0 0 0 1 0 0
776 4 0 0 0 0 0 0 0 0
779 2 0 0 1 0 0 0 0 0
780 1 0 0 0 0 0 0 0 0
783 9 1 1 7 0 0 0 0 0
fn=init_tls
589 2 1 1 0 0 0 1 0 0
591 2 0 0 1 0 0 1 0 0
595 2 0 0 1 0 0 0 0 0
604 1 1 1 0 0 0 1 0 0
605 4 0 0 0 0 0 1 0 0
610 1 0 0 0 0 0 0 0 0
611 2 0 0 0 0 0 1 0 0
612 1 0 0 0 0 0 1 0 0
616 2 0 0 1 1 1 0 0 0
617 1 0 0 0 0 0 0 0 0
618 11 1 1 1 0 0 0 0 0
619 8 0 0 4 0 0 0 0 0
620 8 0 0 4 1 0 0 0 0
624 3 0 0 0 0 0 1 0 0
626 1 0 0 0 0 0 0 0 0
628 3 0 0 0 0 0 0 0 0
631 1 1 1 0 0 0 1 0 0
638 2 0 0 0 0 0 1 0 0
639 2 0 0 0 0 0 0 0 0
645 2 1 1 1 0 0 1 0 0
648 7 0 0 0 0 0 2 0 0
651 1 1 0 0 0 0 1 0 0
653 1 0 0 0 0 0 0 0 0
654 2 0 0 2 0 0 0 0 0
fn=map_doit
496 2 1 1 0 0 0 1 0 0
498 1 0 0 1 0 0 0 0 0
499 9 0 0 2 0 0 2 0 0
501 2 0 0 2 0 0 0 0 0
fn=rtld_lock_default_lock_recursive
704 10 1 1 10 2 1 0 0 0
fn=rtld_lock_default_unlock_recursive
710 10 0 0 10 1 0 0 0 0
fn=version_check_doit
529 2 1 1 0 0 0 1 0 0
531 6 1 0 2 0 0 1 0 0
535 2 0 0 2 0 0 0 0 0
fl=/build/glibc-S7Ft5T/glibc-2.23/elf/setup-vdso.h
fn=dl_main
24 2 0 0 1 0 0 0 0 0
fl=/build/glibc-S7Ft5T/glibc-2.23/io/../sysdeps/unix/syscall-template.S
fn=__write_nocancel
84 10 1 1 2 0 0 0 0 0
fn=access
84 12 1 1 0 0 0 0 0 0
86 15 1 1 3 0 0 3 0 0
fn=close
84 12 0 0 0 0 0 0 0 0
85 3 0 0 3 0 0 0 0 0
fn=open
84 28 1 1 0 0 0 0 0 0
85 3 0 0 3 0 0 0 0 0
86 20 0 0 4 0 0 4 0 0
fn=read
84 8 0 0 0 0 0 0 0 0
85 2 0 0 2 0 0 0 0 0
fn=write
84 4 1 1 2 0 0 0 0 0
fl=/build/glibc-S7Ft5T/glibc-2.23/io/../sysdeps/unix/sysv/linux/wordsize-64/fxstat.c
fn=_fxstat
33 4 0 0 0 0 0 0 0 0
34 8 2 2 0 0 0 0 0 0
35 24 0 0 0 0 0 0 0 0
39 4 0 0 4 0 0 0 0 0
fl=/build/glibc-S7Ft5T/glibc-2.23/io/../sysdeps/unix/sysv/linux/wordsize-64/xstat.c
fn=_xstat
33 4 0 0 0 0 0 0 0 0
34 8 1 1 0 0 0 0 0 0
35 36 0 0 3 0 0 3 0 0
39 1 0 0 1 0 0 0 0 0
fl=/build/glibc-S7Ft5T/glibc-2.23/libio/filedoalloc.c
fn=_IO_file_doallocate
95 5 1 1 0 0 0 3 0 0
110 8 0 0 3 0 0 1 0 0
112 4 1 1 1 0 0 0 0 0
115 9 0 0 0 0 0 0 0 0
117 1 1 1 1 0 0 0 0 0
120 2 1 1 1 0 0 0 0 0
123 3 0 0 1 0 0 0 0 0
127 3 0 0 0 0 0 1 0 0
128 2 0 0 0 0 0 0 0 0
129 1 0 0 0 0 0 0 0 0
130 4 0 0 0 0 0 1 0 0
131 1 0 0 0 0 0 0 0 0
132 5 0 0 4 1 0 0 0 0
fl=/build/glibc-S7Ft5T/glibc-2.23/libio/fileops.c
fn=_IO_do_write@@GLIBC_2.2.5
492 16 1 1 0 0 0 8 0 0
494 17 1 1 0 0 0 0 0 0
495 13 0 0 11 0 0 0 0 0
503 4 0 0 2 0 0 0 0 0
510 8 0 0 4 0 0 0 0 0
518 12 1 1 4 1 0 2 0 0
519 10 0 0 2 0 0 0 0 0
521 8 1 1 2 0 0 6 0 0
522 4 0 0 0 0 0 4 0 0
523 2 0 0 0 0 0 2 0 0
524 4 1 1 2 0 0 0 0 0
525 6 0 0 2 0 0 0 0 0
fn=_IO_file_overflow@@GLIBC_2.2.5
807 85 0 0 0 0 0 51 0 0
808 51 1 1 17 0 0 0 0 0
815 98 0 0 32 0 0 0 0 0
818 2 1 1 1 0 0 0 0 0
820 2 1 1 0 0 0 1 0 0
821 6 0 0 2 0 0 3 0 0
830 2 0 0 0 0 0 0 0 0
839 4 1 1 2 0 0 0 0 0
841 1 0 0 0 0 0 1 0 0
842 2 0 0 0 0 0 1 0 0
843 1 0 0 0 0 0 1 0 0
844 2 0 0 0 0 0 2 0 0
846 3 0 0 0 0 0 1 0 0
847 5 1 1 1 1 0 0 0 0
848 2 0 0 0 0 0 1 0 0
850 34 0 0 0 0 0 0 0 0
851 3 1 1 0 0 0 0 0 0
853 32 0 0 16 0 0 0 0 0
856 48 0 0 0 0 0 32 0 0
857 48 0 0 16 0 0 0 0 0
858 64 0 0 0 0 0 0 0 0
859 12 0 0 2 0 0 2 0 0
860 2 0 0 2 0 0 0 0 0
862 16 0 0 0 0 0 0 0 0
863 67 0 0 67 0 0 0 0 0
fn=_IO_file_setbuf@@GLIBC_2.2.5
450 2 1 1 0 0 0 1 0 0
451 3 0 0 0 0 0 1 0 0
454 2 0 0 0 0 0 2 0 0
455 2 0 0 1 0 0 1 0 0
456 3 0 0 0 0 0 3 0 0
458 1 0 0 0 0 0 0 0 0
459 2 0 0 2 0 0 0 0 0
fn=_IO_file_stat
1229 1 1 1 0 0 0 0 0 0
1230 3 0 0 1 0 0 0 0 0
fn=_IO_file_sync@@GLIBC_2.2.5
868 2 1 1 0 0 0 1 0 0
873 4 0 0 2 0 0 0 0 0
875 1 1 1 1 0 0 0 0 0
876 2 0 0 1 0 0 0 0 0
893 2 0 0 0 0 0 1 0 0
897 2 0 0 2 0 0 0 0 0
fn=_IO_file_write@@GLIBC_2.2.5
1256 12 0 0 0 0 0 10 0 0
1258 20 1 1 0 0 0 0 0 0
1262 4 0 0 0 0 0 0 0 0
1263 12 1 1 4 1 0 2 0 0
1264 4 0 0 0 0 0 0 0 0
1269 2 0 0 0 0 0 0 0 0
1270 2 0 0 0 0 0 0 0 0
1273 6 1 1 2 0 0 0 0 0
1276 12 0 0 12 0 0 0 0 0
fn=_IO_file_xsputn@@GLIBC_2.2.5
1280 130 1 1 0 0 0 78 0 0
1286 38 0 0 0 0 0 0 0 0
1287 19 1 1 0 0 0 0 0 0
1293 52 0 0 13 0 0 0 0 0
1295 36 0 0 24 0 0 0 0 0
1296 24 0 0 0 0 0 0 0 0
1299 86 0 0 0 0 0 0 0 0
1301 39 1 1 13 0 0 0 0 0
1310 4 0 0 2 1 1 0 0 0
1314 12 0 0 0 0 0 0 0 0
1319 60 0 0 0 0 0 24 1 0
1324 12 0 0 0 0 0 0 0 0
1325 36 0 0 0 0 0 0 0 0
1327 24 0 0 0 0 0 0 0 0
1331 7 1 1 2 1 0 1 0 0
1337 2 0 0 2 0 0 0 0 0
1338 7 1 1 0 0 0 0 0 0
1340 3 1 1 0 0 0 0 0 0
1351 2 0 0 0 0 0 0 0 0
1352 6 0 0 0 0 0 1 0 0
1354 26 1 1 0 0 0 0 0 0
1355 110 0 0 97 1 0 0 0 0
fl=/build/glibc-S7Ft5T/glibc-2.23/libio/genops.c
fn=_IO_cleanup
888 12 1 1 4 0 0 0 0 0
890 6 1 1 3 1 0 0 0 0
892 7 0 0 2 0 0 0 0 0
898 16 1 1 6 0 0 2 0 0
906 5 0 0 2 0 0 0 0 0
908 2 0 0 0 0 0 1 0 0
910 2 1 1 1 0 0 1 0 0
911 1 0 0 0 0 0 1 0 0
912 2 0 0 1 0 0 1 0 0
915 5 0 0 2 0 0 1 0 0
917 3 0 0 1 0 0 0 0 0
921 5 1 1 1 0 0 0 0 0
922 8 1 1 3 0 0 1 0 0
928 3 0 0 0 0 0 3 0 0
948 5 1 1 0 0 0 4 0 0
951 3 0 0 0 0 0 1 0 0
963 7 0 0 5 0 0 0 0 0
fn=_IO_default_setbuf
381 5 1 1 1 0 0 0 0 0
383 1 0 0 0 0 0 1 0 0
384 1 0 0 0 0 0 1 0 0
388 2 1 1 0 0 0 1 0 0
522 6 1 1 0 0 0 3 0 0
523 4 0 0 2 0 0 1 0 0
525 2 0 0 0 0 0 0 0 0
527 2 0 0 0 0 0 1 0 0
528 2 0 0 0 0 0 0 0 0
532 2 0 0 1 0 0 0 0 0
535 3 0 0 0 0 0 3 0 0
536 3 0 0 0 0 0 3 0 0
537 1 0 0 0 0 0 0 0 0
538 4 0 0 4 0 0 0 0 0
fn=_IO_default_xsputn
422 10 0 0 0 0 0 5 0 0
425 2 1 1 0 0 0 0 0 0
430 60 0 0 30 0 0 0 0 0
455 156 2 2 42 2 0 14 0 0
457 14 0 0 0 0 0 0 0 0
459 2 0 0 0 0 0 0 0 0
460 6 0 0 6 0 0 0 0 0
fn=_IO_doallocbuf
394 3 1 1 0 0 0 3 0 0
395 2 1 1 1 0 0 0 0 0
397 4 0 0 1 0 0 0 0 0
398 5 0 0 2 1 0 1 0 0
401 4 0 0 4 1 0 0 0 0
fn=_IO_flush_all_lockp
760 8 2 2 0 0 0 6 0 0
766 4 1 1 0 0 0 0 0 0
771 1 1 1 1 1 1 0 0 0
772 1 1 1 1 1 0 0 0 0
773 8 0 0 0 0 0 0 0 0
775 3 0 0 0 0 0 3 0 0
776 6 1 1 0 0 0 0 0 0
777 2 0 0 1 0 0 0 0 0
779 21 2 2 9 3 2 0 0 0
789 6 0 0 0 0 0 0 0 0
791 3 0 0 0 0 0 3 0 0
793 11 1 1 3 0 0 0 0 0
800 3 0 0 3 2 0 0 0 0
804 2 0 0 0 0 0 0 0 0
806 2 0 0 0 0 0 0 0 0
810 9 0 0 7 0 0 0 0 0
fn=_IO_setb
380 3 1 1 0 0 0 1 0 0
381 4 0 0 2 2 0 0 0 0
383 1 0 0 0 0 0 1 0 0
384 1 0 0 0 0 0 1 0 0
386 6 0 0 0 0 0 1 0 0
389 3 0 0 2 0 0 0 0 0
fn=__overflow
230 6 1 1 2 0 0 0 0 0
232 6 1 1 4 0 0 0 0 0
fl=/build/glibc-S7Ft5T/glibc-2.23/libio/ioputs.c
fn=puts
33 4 1 1 0 0 0 3 0 0
35 2 0 0 0 0 0 1 0 0
36 18 2 2 10 1 1 1 0 0
39 4 0 0 1 1 0 1 0 0
40 6 1 1 2 1 0 1 0 0
41 8 1 1 3 1 0 1 0 0
42 4 1 1 0 0 0 0 0 0
46 5 0 0 4 1 0 0 0 0
fl=/build/glibc-S7Ft5T/glibc-2.23/libio/libioP.h
fn=putchar
866 2 0 0 1 0 0 0 0 0
867 8 1 1 4 0 0 1 0 0
fn=puts
866 2 0 0 1 0 0 0 0 0
867 8 1 1 4 0 0 1 0 0
fl=/build/glibc-S7Ft5T/glibc-2.23/libio/putchar.c
fn=putchar
25 2 1 1 0 0 0 1 0 0
27 18 2 2 10 0 0 1 0 0
28 7 1 1 2 0 0 1 0 0
31 3 0 0 2 0 0 0 0 0
fl=/build/glibc-S7Ft5T/glibc-2.23/malloc/arena.c
fn=malloc_hook_ini
260 3 1 1 1 1 1 0 0 0
fn=ptmalloc_init.part.5
221 81 1 1 27 4 0 0 0 0
223 52 0 0 26 11 0 0 0 0
224 2 0 0 1 0 0 0 0 0
225 2 0 0 1 0 0 0 0 0
239 26 0 0 0 0 0 0 0 0
258 6 1 1 0 0 0 5 0 0
263 1 0 0 0 0 0 1 0 0
271 2 0 0 1 0 0 0 0 0
272 7 1 1 0 0 0 1 0 0
273 4 1 1 2 0 0 0 0 0
277 3 1 1 1 1 0 1 1 0
279 5 0 0 2 2 0 0 0 0
295 2 0 0 0 0 0 0 0 0
340 2 1 1 0 0 0 0 0 0
346 2 0 0 2 1 0 0 0 0
347 2 0 0 0 0 0 0 0 0
349 1 0 0 0 0 0 1 1 0
350 7 0 0 6 1 0 0 0 0
fn=sysmalloc
488 3 0 0 0 0 0 1 0 0
fl=/build/glibc-S7Ft5T/glibc-2.23/malloc/hooks.c
fn=malloc_hook_ini
29 4 1 1 0 0 0 2 0 0
30 2 0 0 1 0 0 1 0 0
33 4 0 0 3 1 0 0 0 0
fl=/build/glibc-S7Ft5T/glibc-2.23/malloc/malloc.c
fn=_int_malloc
1886 4 1 1 1 0 0 0 0 0
3326 7 1 1 0 0 0 6 0 0
3356 10 1 1 0 0 0 0 0 0
3360 4 0 0 0 0 0 1 0 0
3374 2 0 0 1 1 1 0 0 0
3411 2 1 1 0 0 0 0 0 0
3455 7 2 2 0 0 0 1 0 0
3456 2 1 1 1 0 0 0 0 0
3457 2 0 0 0 0 0 1 0 0
3476 5 1 1 1 0 0 0 0 0
3610 2 1 1 0 0 0 0 0 0
3612 4 1 1 1 0 0 0 0 0
3615 4 1 1 1 0 0 0 0 0
3683 2 0 0 1 0 0 0 0 0
3684 2 0 0 0 0 0 0 0 0
3685 2 0 0 0 0 0 0 0 0
3686 2 0 0 1 1 0 0 0 0
3687 2 0 0 0 0 0 0 0 0
3692 2 0 0 0 0 0 0 0 0
3696 6 1 1 0 0 0 0 0 0
3699 4 1 1 1 0 0 0 0 0
3799 1 0 0 1 0 0 0 0 0
3800 2 0 0 1 0 0 0 0 0
3802 3 1 1 0 0 0 0 0 0
3819 2 0 0 1 0 0 0 0 0
3824 3 0 0 0 0 0 1 0 0
3826 26 1 1 0 0 0 10 0 0
3834 3 1 1 0 0 0 1 0 0
3835 2 0 0 0 0 0 0 0 0
3840 9 1 1 7 0 0 0 0 0
5016 3 0 0 0 0 0 2 0 0
5018 4 1 1 0 0 0 1 0 0
fn=malloc
2909 3 1 1 0 0 0 2 0 0
2914 2 0 0 2 0 0 0 0 0
2915 2 0 0 0 0 0 0 0 0
2916 2 1 1 1 0 0 0 0 0
2936 3 0 0 2 0 0 0 0 0
fn=malloc_consolidate
1812 254 1 1 0 0 0 0 0 0
1815 381 0 0 0 0 0 254 32 32
1819 3 0 0 0 0 0 0 0 0
1823 3 2 2 1 0 0 1 0 0
1824 3 0 0 1 0 0 1 0 0
1826 1 0 0 0 0 0 1 1 1
4151 2 1 1 1 0 0 0 0 0
5010 4 1 1 0 0 0 0 0 0
fn=malloc_hook_ini
2915 2 0 0 0 0 0 0 0 0
2918 13 1 1 5 1 0 0 0 0
2920 4 1 1 0 0 0 1 0 0
2923 2 0 0 0 0 0 0 0 0
2930 2 1 1 1 1 0 1 0 0
2931 4 0 0 2 0 0 0 0 0
2933 11 1 1 1 0 0 0 0 0
fn=sysmalloc
2275 8 1 1 0 0 0 6 1 0
2295 2 0 0 2 2 0 0 0 0
2306 2 1 1 0 0 0 0 0 0
2307 5 0 0 1 0 0 1 1 0
2322 5 0 0 0 0 0 2 0 0
2328 1 1 1 0 0 0 0 0 0
2387 1 1 1 1 0 0 0 0 0
2388 3 0 0 1 0 0 0 0 0
2389 1 0 0 0 0 0 0 0 0
2398 6 0 0 1 0 0 0 0 0
2404 4 0 0 0 0 0 1 1 0
2407 3 1 1 0 0 0 0 0 0
2462 4 1 1 1 0 0 0 0 0
2470 2 1 1 1 0 0 0 0 0
2471 1 0 0 0 0 0 0 0 0
2481 6 0 0 0 0 0 2 0 0
2489 2 0 0 0 0 0 0 0 0
2491 6 1 1 2 0 0 3 0 0
2492 1 0 0 0 0 0 0 0 0
2495 4 0 0 2 0 0 0 0 0
2498 2 0 0 2 1 0 0 0 0
2499 2 0 0 0 0 0 0 0 0
2519 2 0 0 0 0 0 0 0 0
2545 2 1 1 1 1 1 0 0 0
2546 5 1 1 0 0 0 2 0 0
2547 3 0 0 1 0 0 1 0 0
2553 2 0 0 0 0 0 0 0 0
2556 7 2 2 1 0 0 0 0 0
2593 2 0 0 0 0 0 0 0 0
2599 3 0 0 0 0 0 0 0 0
2618 1 1 1 0 0 0 0 0 0
2621 2 0 0 0 0 0 0 0 0
2622 6 0 0 2 0 0 0 0 0
2624 2 0 0 0 0 0 0 0 0
2625 3 0 0 2 0 0 1 0 0
2637 2 1 1 0 0 0 0 0 0
2645 3 0 0 3 0 0 0 0 0
2646 3 0 0 1 0 0 0 0 0
2684 1 0 0 0 0 0 1 0 0
2685 5 1 1 0 0 0 1 1 1
2686 2 0 0 0 0 0 1 0 0
2697 2 0 0 0 0 0 0 0 0
2730 2 1 1 1 0 0 0 0 0
2731 1 0 0 0 0 0 1 0 0
2739 4 0 0 2 0 0 0 0 0
2741 1 0 0 0 0 0 0 0 0
2742 1 1 1 0 0 0 0 0 0
2743 1 0 0 0 0 0 1 0 0
2744 8 0 0 0 0 0 1 0 0
2745 2 0 0 0 0 0 1 1 1
2747 1 0 0 0 0 0 0 0 0
2753 9 0 0 7 0 0 0 0 0
fl=/build/glibc-S7Ft5T/glibc-2.23/malloc/morecore.c
fn=__default_morecore
46 2 1 1 0 0 0 0 0 0
47 2 0 0 0 0 0 2 0 0
48 6 0 0 0 0 0 0 0 0
52 4 0 0 2 0 0 0 0 0
fl=/build/glibc-S7Ft5T/glibc-2.23/misc/../sysdeps/unix/syscall-template.S
fn=mprotect
84 24 1 1 0 0 0 0 0 0
85 6 0 0 6 0 0 0 0 0
fn=munmap
84 4 1 1 0 0 0 0 0 0
85 1 0 0 1 0 0 0 0 0
fl=/build/glibc-S7Ft5T/glibc-2.23/misc/../sysdeps/unix/sysv/linux/wordsize-64/mmap.c
fn=mmap
32 80 1 1 0 0 0 48 1 1
33 46 2 2 2 0 0 0 0 0
34 80 0 0 0 0 0 0 0 0
36 56 0 0 56 0 0 0 0 0
fl=/build/glibc-S7Ft5T/glibc-2.23/misc/../sysdeps/unix/sysv/linux/x86_64/brk.c
fn=brk
31 16 1 1 2 0 0 2 0 0
33 4 0 0 0 0 0 0 0 0
39 2 0 0 0 0 0 0 0 0
40 2 0 0 2 0 0 0 0 0
fl=/build/glibc-S7Ft5T/glibc-2.23/misc/init-misc.c
fn=__init_misc
30 3 0 0 0 0 0 2 0 0
31 6 1 1 1 0 0 0 0 0
33 3 0 0 0 0 0 1 0 0
37 5 1 1 1 1 0 1 1 0
38 3 0 0 2 1 0 1 0 0
40 4 0 0 3 0 0 0 0 0
fl=/build/glibc-S7Ft5T/glibc-2.23/misc/sbrk.c
fn=sbrk
34 8 1 1 0 0 0 6 0 0
42 11 0 0 5 3 1 0 0 0
43 6 1 1 1 0 0 1 1 0
46 4 0 0 0 0 0 0 0 0
50 6 0 0 0 0 0 0 0 0
58 4 0 0 0 0 0 1 0 0
62 10 1 1 8 0 0 0 0 0
fl=/build/glibc-S7Ft5T/glibc-2.23/nptl/unregister-atfork.c
fn=__unregister_atfork
28 4 1 1 0 0 0 2 0 0
36 1 0 0 1 0 0 0 0 0
39 2 1 1 0 0 0 0 0 0
121 3 0 0 3 0 0 0 0 0
fl=/build/glibc-S7Ft5T/glibc-2.23/posix/../sysdeps/unix/syscall-template.S
fn=uname
84 4 1 1 0 0 0 0 0 0
85 1 0 0 1 0 0 0 0 0
fl=/build/glibc-S7Ft5T/glibc-2.23/posix/../sysdeps/unix/sysv/linux/_exit.c
fn=_Exit
27 2 1 1 1 0 0 0 0 0
31 4 1 1 0 0 0 0 0 0
33 2 0 0 0 0 0 0 0 0
fl=/build/glibc-S7Ft5T/glibc-2.23/setjmp/../sysdeps/x86_64/bsd-_setjmp.S
fn=_setjmp
30 1 1 1 0 0 0 0 0 0
32 1 0 0 0 0 0 0 0 0
fl=/build/glibc-S7Ft5T/glibc-2.23/setjmp/../sysdeps/x86_64/setjmp.S
fn=__sigsetjmp
26 4 2 2 0 0 0 4 0 0
35 4 0 0 0 0 0 0 0 0
36 8 0 0 4 0 0 0 0 0
37 4 0 0 0 0 0 4 0 0
41 4 0 0 0 0 0 4 0 0
42 4 0 0 0 0 0 4 0 0
43 4 0 0 0 0 0 4 0 0
44 4 0 0 0 0 0 4 0 0
45 4 0 0 0 0 0 0 0 0
47 8 0 0 4 0 0 0 0 0
49 4 0 0 0 0 0 4 1 1
50 4 1 1 4 0 0 0 0 0
51 4 0 0 0 0 0 0 0 0
53 8 1 1 4 0 0 0 0 0
55 4 0 0 0 0 0 4 0 0
59 3 0 0 0 0 0 0 0 0
60 3 0 0 3 0 0 0 0 0
64 1 0 0 0 0 0 0 0 0
fl=/build/glibc-S7Ft5T/glibc-2.23/setjmp/sigjmp.c
fn=__sigjmp_save
28 3 0 0 0 0 0 1 0 0
29 3 0 0 0 0 0 1 0 0
34 3 0 0 2 0 0 0 0 0
fl=/build/glibc-S7Ft5T/glibc-2.23/stdio-common/_itoa.c
fn=_itoa_word
168 24 1 1 0 0 0 0 0 0
170 12 0 0 0 0 0 0 0 0
179 96 2 2 7 1 1 7 0 0
188 12 0 0 6 0 0 0 0 0
fl=/build/glibc-S7Ft5T/glibc-2.23/stdio-common/printf-parse.h
fn=vfprintf
108 60 0 0 0 0 0 30 1 0
fl=/build/glibc-S7Ft5T/glibc-2.23/stdio-common/printf.c
fn=printf
28 48 1 1 0 0 0 30 0 0
32 36 2 2 0 0 0 24 0 0
33 30 0 0 12 1 0 6 0 0
37 12 0 0 6 0 0 0 0 0
fl=/build/glibc-S7Ft5T/glibc-2.23/stdio-common/vfprintf.c
fn=vfprintf
1236 48 1 1 0 0 0 36 0 0
1267 18 0 0 12 1 0 6 0 0
1275 30 1 1 6 0 0 0 0 0
1279 30 1 1 6 0 0 0 0 0
1290 30 0 0 0 0 0 0 0 0
1301 36 1 1 18 0 0 18 0 0
1312 6 0 0 0 0 0 6 0 0
1316 60 1 1 18 1 1 12 0 0
1317 84 1 1 42 0 0 6 0 0
1320 90 2 2 18 1 0 12 0 0
1324 18 0 0 12 0 0 0 0 0
1328 72 3 3 18 1 0 30 0 0
1349 6 0 0 0 0 0 6 0 0
1350 6 0 0 0 0 0 6 0 0
1351 6 1 1 0 0 0 6 0 0
1352 6 0 0 0 0 0 6 0 0
1353 6 0 0 0 0 0 6 0 0
1354 6 0 0 0 0 0 6 0 0
1355 6 0 0 0 0 0 6 0 0
1356 6 0 0 0 0 0 6 0 0
1357 6 1 1 0 0 0 6 0 0
1358 6 0 0 0 0 0 6 0 0
1359 6 0 0 0 0 0 6 0 0
1362 6 0 0 0 0 0 6 0 0
1363 6 0 0 0 0 0 6 0 0
1366 6 0 0 0 0 0 0 0 0
1367 24 0 0 6 0 0 6 0 0
1370 96 1 1 18 2 2 6 0 0
1531 12 0 0 0 0 0 6 0 0
1552 12 0 0 0 0 0 6 0 0
1631 792 23 23 294 0 0 132 0 0
1632 24 0 0 6 0 0 6 0 0
1649 6 1 1 6 0 0 0 0 0
1651 12 0 0 0 0 0 0 0 0
1659 24 1 1 6 0 0 12 0 0
1663 150 2 2 42 0 0 18 0 0
1665 18 1 1 6 0 0 0 0 0
1685 60 1 1 30 0 0 6 0 0
1686 12 1 1 0 0 0 0 0 0
1688 6 0 0 0 0 0 0 0 0
1689 48 0 0 42 0 0 0 0 0
fl=/build/glibc-S7Ft5T/glibc-2.23/stdlib/cxa_atexit.c
fn=__cxa_atexit
35 2 0 0 0 0 0 1 0 0
37 2 0 0 0 0 0 0 0 0
41 3 1 1 1 0 0 0 0 0
43 1 0 0 0 0 0 1 0 0
44 1 0 0 0 0 0 1 0 0
45 1 0 0 0 0 0 1 0 0
47 1 0 0 0 0 0 1 0 0
48 1 0 0 0 0 0 0 0 0
57 6 1 1 0 0 0 3 0 0
59 4 0 0 4 0 0 0 0 0
fn=__new_exitfn
73 4 1 1 0 0 0 2 0 0
79 6 1 1 2 2 2 0 0 0
81 9 2 2 2 1 0 0 0 0
83 3 0 0 1 1 0 0 0 0
91 2 0 0 0 0 0 1 0 0
112 1 1 1 0 0 0 0 0 0
113 2 0 0 0 0 0 1 0 0
126 1 1 1 0 0 0 1 0 0
127 1 0 0 1 1 1 0 0 0
130 4 1 1 2 0 0 0 0 0
133 5 0 0 3 0 0 0 0 0
fl=/build/glibc-S7Ft5T/glibc-2.23/stdlib/cxa_finalize.c
fn=__cxa_finalize
31 8 0 0 0 0 0 6 0 0
35 7 2 2 2 0 0 0 0 0
39 6 0 0 1 0 0 0 0 0
48 1 0 0 0 0 0 0 0 0
67 7 0 0 2 1 0 0 0 0
71 6 1 1 1 1 0 0 0 0
79 2 0 0 0 0 0 0 0 0
80 2 0 0 0 0 0 0 0 0
82 7 1 1 6 0 0 0 0 0
fl=/build/glibc-S7Ft5T/glibc-2.23/stdlib/cxa_thread_atexit_impl.c
fn=__call_tls_dtors
145 3 1 1 0 0 0 2 0 0
146 4 0 0 2 0 0 0 0 0
164 4 1 1 3 0 0 0 0 0
fl=/build/glibc-S7Ft5T/glibc-2.23/stdlib/exit.c
fn=__run_exit_handlers
35 8 1 1 0 0 0 4 0 0
40 2 0 0 1 1 0 1 0 0
46 8 1 1 2 1 0 0 0 0
50 6 0 0 0 0 0 0 0 0
52 1 0 0 0 0 0 1 0 0
53 1 0 0 0 0 0 0 0 0
54 5 0 0 1 0 0 0 0 0
78 2 1 1 0 0 0 0 0 0
80 3 1 1 2 0 0 0 0 0
82 3 0 0 1 0 0 1 0 0
83 1 0 0 0 0 0 0 0 0
87 2 1 1 1 0 0 1 0 0
88 2 0 0 0 0 0 0 0 0
94 2 0 0 0 0 0 0 0 0
95 8 0 0 1 1 0 1 0 0
97 2 0 0 0 0 0 1 0 0
fn=exit
103 1 0 0 0 0 0 0 0 0
104 3 1 1 0 0 0 1 0 0
fl=/build/glibc-S7Ft5T/glibc-2.23/string/../bits/stdlib-bsearch.h
fn=intel_check_word
27 8 0 0 0 0 0 0 0 0
28 16 0 0 0 0 0 0 0 0
29 112 0 0 0 0 0 0 0 0
31 152 0 0 0 0 0 0 0 0
32 54 0 0 0 0 0 0 0 0
37 10 1 1 0 0 0 0 0 0
fl=/build/glibc-S7Ft5T/glibc-2.23/string/../sysdeps/x86_64/cacheinfo.c
fn=handle_intel
261 16 0 0 0 0 0 12 0 0
262 4 1 1 0 0 0 0 0 0
273 6 0 0 0 0 0 2 0 0
275 2 1 1 0 0 0 2 0 0
276 4 0 0 0 0 0 2 0 0
278 2 0 0 0 0 0 0 0 0
284 10 1 1 0 0 0 2 0 0
289 4 0 0 0 0 0 0 0 0
291 6 0 0 0 0 0 2 0 0
292 2 0 0 0 0 0 0 0 0
296 8 0 0 0 0 0 2 0 0
297 4 0 0 0 0 0 0 0 0
300 10 1 1 0 0 0 2 0 0
301 4 0 0 0 0 0 0 0 0
318 16 1 1 14 0 0 0 0 0
fn=init_cacheinfo
482 5 1 1 0 0 0 5 0 0
494 4 0 0 2 0 0 0 0 0
496 5 1 1 1 0 0 1 0 0
499 1 0 0 0 0 0 0 0 0
500 4 0 0 0 0 0 1 0 0
502 2 0 0 0 0 0 0 0 0
511 2 0 0 0 0 0 0 0 0
513 1 0 0 1 0 0 0 0 0
514 1 0 0 1 0 0 0 0 0
516 1 1 1 0 0 0 0 0 0
521 18 0 0 0 0 0 0 0 0
527 8 0 0 0 0 0 0 0 0
530 20 0 0 0 0 0 0 0 0
532 1 1 1 0 0 0 0 0 0
538 6 1 1 0 0 0 0 0 0
545 11 0 0 0 0 0 0 0 0
547 2 0 0 0 0 0 0 0 0
548 2 0 0 0 0 0 0 0 0
549 8 0 0 0 0 0 0 0 0
551 4 0 0 0 0 0 0 0 0
556 1 0 0 0 0 0 0 0 0
558 3 0 0 0 0 0 0 0 0
559 4 1 1 0 0 0 0 0 0
564 2 0 0 0 0 0 0 0 0
565 6 0 0 0 0 0 0 0 0
596 4 0 0 0 0 0 0 0 0
597 5 1 1 0 0 0 0 0 0
652 2 0 0 0 0 0 0 0 0
654 3 0 0 0 0 0 1 0 0
655 1 0 0 0 0 0 1 1 1
657 1 0 0 0 0 0 0 0 0
658 3 0 0 0 0 0 1 0 0
659 1 0 0 0 0 0 1 0 0
662 2 1 1 0 0 0 0 0 0
664 3 0 0 0 0 0 1 0 0
665 1 0 0 0 0 0 1 0 0
667 1 0 0 0 0 0 0 0 0
668 3 0 0 0 0 0 1 0 0
669 1 0 0 0 0 0 1 0 0
671 6 0 0 6 0 0 0 0 0
fn=intel_check_word
121 108 0 0 54 6 6 0 0 0
124 54 1 1 0 0 0 0 0 0
132 24 0 0 0 0 0 16 0 0
133 8 1 1 0 0 0 0 0 0
135 2 0 0 0 0 0 0 0 0
139 28 1 1 0 0 0 0 0 0
141 24 0 0 0 0 0 0 0 0
143 10 0 0 0 0 0 0 0 0
145 20 0 0 0 0 0 0 0 0
153 20 1 1 0 0 0 0 0 0
165 17 1 1 0 0 0 0 0 0
168 15 0 0 0 0 0 0 0 0
172 10 1 1 0 0 0 0 0 0
174 10 0 0 0 0 0 0 0 0
175 26 0 0 0 0 0 0 0 0
177 21 0 0 0 0 0 0 0 0
178 10 0 0 0 0 0 0 0 0
179 10 0 0 0 0 0 0 0 0
180 6 0 0 0 0 0 0 0 0
182 2 1 1 0 0 0 0 0 0
184 4 0 0 0 0 0 0 0 0
186 32 2 2 0 0 0 0 0 0
197 3 0 0 0 0 0 0 0 0
204 16 0 0 0 0 0 0 0 0
209 8 0 0 4 0 0 0 0 0
212 24 0 0 8 0 0 0 0 0
226 8 0 0 0 0 0 0 0 0
251 8 0 0 0 0 0 0 0 0
256 24 0 0 20 0 0 0 0 0
fl=/build/glibc-S7Ft5T/glibc-2.23/string/../sysdeps/x86_64/memcpy.S
fn=__GI_mempcpy
61 12 1 1 0 0 0 0 0 0
65 12 0 0 0 0 0 0 0 0
68 12 0 0 0 0 0 0 0 0
69 12 0 0 0 0 0 0 0 0
71 11 0 0 11 0 0 0 0 0
72 11 0 0 0 0 0 11 0 0
74 11 1 1 0 0 0 0 0 0
75 11 0 0 0 0 0 0 0 0
80 12 0 0 0 0 0 0 0 0
81 12 0 0 0 0 0 0 0 0
83 1 0 0 1 0 0 0 0 0
84 1 0 0 0 0 0 1 0 0
86 1 0 0 0 0 0 0 0 0
87 1 0 0 0 0 0 0 0 0
92 12 0 0 0 0 0 0 0 0
93 12 0 0 0 0 0 0 0 0
104 12 0 0 0 0 0 0 0 0
105 12 0 0 0 0 0 0 0 0
116 12 1 1 0 0 0 0 0 0
117 12 0 0 0 0 0 0 0 0
138 12 0 0 0 0 0 0 0 0
142 12 0 0 12 0 0 0 0 0
fn=mempcpy
61 17 1 1 0 0 0 0 0 0
65 17 0 0 0 0 0 0 0 0
68 16 0 0 0 0 0 0 0 0
69 16 0 0 0 0 0 0 0 0
71 7 0 0 7 2 2 0 0 0
72 7 0 0 0 0 0 7 2 2
74 7 0 0 0 0 0 0 0 0
75 7 0 0 0 0 0 0 0 0
80 16 0 0 0 0 0 0 0 0
81 16 0 0 0 0 0 0 0 0
83 10 0 0 10 0 0 0 0 0
84 10 1 1 0 0 0 10 0 0
86 10 0 0 0 0 0 0 0 0
87 10 0 0 0 0 0 0 0 0
92 16 0 0 0 0 0 0 0 0
93 16 0 0 0 0 0 0 0 0
95 5 0 0 5 0 0 0 0 0
96 5 0 0 0 0 0 5 0 0
98 5 0 0 0 0 0 0 0 0
99 5 0 0 0 0 0 0 0 0
104 16 0 0 0 0 0 0 0 0
105 16 0 0 0 0 0 0 0 0
107 7 0 0 7 0 0 0 0 0
108 7 0 0 0 0 0 7 0 0
110 7 0 0 0 0 0 0 0 0
111 14 0 0 0 0 0 0 0 0
116 16 0 0 0 0 0 0 0 0
117 18 0 0 0 0 0 0 0 0
122 2 0 0 2 0 0 0 0 0
123 2 0 0 2 0 0 0 0 0
124 2 0 0 0 0 0 2 1 1
125 2 0 0 0 0 0 2 0 0
127 2 0 0 0 0 0 0 0 0
129 2 0 0 0 0 0 0 0 0
130 2 0 0 0 0 0 0 0 0
132 2 0 0 0 0 0 0 0 0
138 16 1 1 0 0 0 0 0 0
142 16 0 0 16 0 0 0 0 0
154 2 0 0 0 0 0 0 0 0
156 2 0 0 0 0 0 0 0 0
157 2 0 0 0 0 0 0 0 0
183 2 1 1 0 0 0 0 0 0
184 2 0 0 0 0 0 0 0 0
187 2 0 0 0 0 0 0 0 0
188 2 0 0 0 0 0 0 0 0
189 2 0 0 0 0 0 0 0 0
194 2 0 0 0 0 0 0 0 0
196 2 0 0 2 0 0 0 0 0
197 2 0 0 2 0 0 0 0 0
198 2 0 0 2 0 0 0 0 0
199 2 0 0 2 0 0 0 0 0
201 2 0 0 0 0 0 2 0 0
202 2 0 0 0 0 0 2 0 0
203 2 0 0 0 0 0 2 0 0
204 2 0 0 0 0 0 2 0 0
206 2 1 1 0 0 0 0 0 0
207 2 0 0 0 0 0 0 0 0
209 2 0 0 0 0 0 0 0 0
231 2 1 1 0 0 0 0 0 0
233 2 0 0 0 0 0 0 0 0
235 1 0 0 0 0 0 0 0 0
242 1 0 0 1 0 0 0 0 0
fl=/build/glibc-S7Ft5T/glibc-2.23/string/../sysdeps/x86_64/multiarch/../memcmp.S
fn=bcmp
24 13 1 1 0 0 0 0 0 0
25 13 0 0 0 0 0 0 0 0
26 13 0 0 0 0 0 0 0 0
27 13 0 0 0 0 0 0 0 0
28 13 0 0 0 0 0 0 0 0
29 13 0 0 0 0 0 0 0 0
30 13 0 0 0 0 0 0 0 0
31 13 0 0 0 0 0 0 0 0
34 13 0 0 0 0 0 0 0 0
35 13 0 0 0 0 0 0 0 0
36 5 0 0 5 1 1 0 0 0
37 5 0 0 5 3 3 0 0 0
38 5 0 0 0 0 0 0 0 0
39 5 0 0 0 0 0 0 0 0
40 5 0 0 0 0 0 0 0 0
41 5 0 0 0 0 0 0 0 0
42 5 0 0 0 0 0 0 0 0
44 12 1 1 0 0 0 0 0 0
45 12 0 0 0 0 0 0 0 0
46 4 0 0 4 0 0 0 0 0
47 4 0 0 4 0 0 0 0 0
48 4 0 0 0 0 0 0 0 0
49 4 0 0 0 0 0 0 0 0
50 4 0 0 0 0 0 0 0 0
51 4 0 0 0 0 0 0 0 0
52 4 0 0 0 0 0 0 0 0
54 12 0 0 0 0 0 0 0 0
55 12 0 0 0 0 0 0 0 0
56 5 1 1 5 1 1 0 0 0
57 5 0 0 5 2 2 0 0 0
58 5 0 0 0 0 0 0 0 0
59 5 0 0 0 0 0 0 0 0
60 2 0 0 0 0 0 0 0 0
61 2 0 0 0 0 0 0 0 0
62 2 0 0 0 0 0 0 0 0
64 9 0 0 0 0 0 0 0 0
65 9 0 0 0 0 0 0 0 0
66 5 0 0 5 0 0 0 0 0
67 5 0 0 5 1 1 0 0 0
68 5 0 0 0 0 0 0 0 0
69 5 0 0 0 0 0 0 0 0
74 4 0 0 4 2 2 0 0 0
75 4 0 0 4 0 0 0 0 0
76 4 0 0 0 0 0 0 0 0
77 4 0 0 0 0 0 0 0 0
78 4 0 0 0 0 0 0 0 0
79 4 0 0 0 0 0 0 0 0
80 4 0 0 0 0 0 0 0 0
81 2 0 0 0 0 0 0 0 0
82 2 0 0 0 0 0 0 0 0
83 2 0 0 2 0 0 0 0 0
84 2 0 0 2 0 0 0 0 0
85 2 0 0 0 0 0 0 0 0
92 2 0 0 0 0 0 0 0 0
94 3 0 0 3 0 0 0 0 0
98 8 1 1 0 0 0 0 0 0
99 8 0 0 0 0 0 0 0 0
100 1 0 0 0 0 0 0 0 0
101 1 0 0 0 0 0 0 0 0
102 1 0 0 0 0 0 0 0 0
103 1 0 0 0 0 0 0 0 0
104 1 0 0 0 0 0 0 0 0
105 1 0 0 0 0 0 0 0 0
106 1 0 0 0 0 0 0 0 0
107 1 0 0 0 0 0 0 0 0
108 1 0 0 0 0 0 0 0 0
109 1 0 0 0 0 0 0 0 0
110 1 0 0 1 0 0 0 0 0
114 9 1 1 0 0 0 0 0 0
115 9 0 0 9 0 0 0 0 0
fl=/build/glibc-S7Ft5T/glibc-2.23/string/../sysdeps/x86_64/multiarch/../memcpy.S
fn=memcpy
61 14 1 1 0 0 0 0 0 0
63 14 0 0 0 0 0 0 0 0
65 14 0 0 0 0 0 0 0 0
68 12 0 0 0 0 0 0 0 0
69 12 0 0 0 0 0 0 0 0
71 3 0 0 3 0 0 0 0 0
72 3 0 0 0 0 0 3 2 2
74 3 0 0 0 0 0 0 0 0
75 3 0 0 0 0 0 0 0 0
80 12 0 0 0 0 0 0 0 0
81 12 0 0 0 0 0 0 0 0
83 3 0 0 3 0 0 0 0 0
84 3 0 0 0 0 0 3 1 1
86 3 0 0 0 0 0 0 0 0
87 6 0 0 0 0 0 0 0 0
92 12 1 1 0 0 0 0 0 0
93 12 0 0 0 0 0 0 0 0
95 3 0 0 3 0 0 0 0 0
96 3 0 0 0 0 0 3 0 0
98 3 0 0 0 0 0 0 0 0
99 3 0 0 0 0 0 0 0 0
104 12 0 0 0 0 0 0 0 0
105 12 0 0 0 0 0 0 0 0
107 7 0 0 7 0 0 0 0 0
108 7 0 0 0 0 0 7 0 0
110 7 0 0 0 0 0 0 0 0
111 7 0 0 0 0 0 0 0 0
116 12 0 0 0 0 0 0 0 0
117 17 0 0 0 0 0 0 0 0
122 5 0 0 5 0 0 0 0 0
123 5 0 0 5 0 0 0 0 0
124 5 0 0 0 0 0 5 2 2
125 5 0 0 0 0 0 5 0 0
127 5 0 0 0 0 0 0 0 0
129 5 0 0 0 0 0 0 0 0
130 5 0 0 0 0 0 0 0 0
132 5 0 0 0 0 0 0 0 0
140 12 1 1 12 0 0 0 0 0
148 6 0 0 0 0 0 6 0 0
154 6 0 0 0 0 0 0 0 0
156 6 0 0 0 0 0 0 0 0
157 6 0 0 0 0 0 0 0 0
160 2 0 0 0 0 0 0 0 0
161 6 0 0 0 0 0 0 0 0
166 11 0 0 11 0 0 0 0 0
167 11 0 0 0 0 0 11 1 1
169 11 0 0 0 0 0 0 0 0
171 11 0 0 0 0 0 0 0 0
172 11 0 0 0 0 0 0 0 0
174 15 1 1 0 0 0 0 0 0
183 6 0 0 0 0 0 0 0 0
184 6 0 0 0 0 0 0 0 0
187 6 0 0 0 0 0 0 0 0
188 6 0 0 0 0 0 0 0 0
189 6 0 0 0 0 0 0 0 0
194 5 0 0 0 0 0 0 0 0
196 5 0 0 5 0 0 0 0 0
197 5 0 0 5 0 0 0 0 0
198 5 0 0 5 0 0 0 0 0
199 5 0 0 5 0 0 0 0 0
201 5 0 0 0 0 0 5 2 2
202 5 0 0 0 0 0 5 0 0
203 5 0 0 0 0 0 5 0 0
204 5 0 0 0 0 0 5 0 0
206 5 1 1 0 0 0 0 0 0
207 5 0 0 0 0 0 0 0 0
209 5 0 0 0 0 0 0 0 0
231 6 1 1 0 0 0 0 0 0
237 6 0 0 6 0 0 0 0 0
238 6 0 0 0 0 0 0 0 0
240 2 0 0 2 0 0 0 0 0
fl=/build/glibc-S7Ft5T/glibc-2.23/string/../sysdeps/x86_64/multiarch/../memset.S
fn=memset
53 13 1 1 0 0 0 0 0 0
54 13 0 0 0 0 0 0 0 0
55 13 0 0 0 0 0 0 0 0
56 13 0 0 0 0 0 0 0 0
57 13 1 1 0 0 0 0 0 0
59 13 0 0 0 0 0 0 0 0
60 13 0 0 0 0 0 0 0 0
61 11 0 0 0 0 0 0 0 0
62 11 0 0 0 0 0 0 0 0
77 2 1 1 0 0 0 0 0 0
78 2 0 0 0 0 0 2 1 1
79 2 0 0 0 0 0 0 0 0
80 2 0 0 0 0 0 2 2 2
81 2 0 0 0 0 0 2 0 0
82 2 0 0 0 0 0 2 0 0
83 2 0 0 0 0 0 2 1 1
84 2 0 0 0 0 0 2 0 0
85 2 0 0 0 0 0 2 0 0
86 2 0 0 0 0 0 2 0 0
87 2 0 0 0 0 0 0 0 0
88 2 0 0 0 0 0 0 0 0
89 2 0 0 0 0 0 0 0 0
90 4 0 0 0 0 0 0 0 0
93 36 0 0 0 0 0 36 33 33
94 36 0 0 0 0 0 36 0 0
95 36 0 0 0 0 0 36 0 0
96 36 0 0 0 0 0 36 0 0
97 36 0 0 0 0 0 0 0 0
98 36 0 0 0 0 0 0 0 0
99 36 0 0 0 0 0 0 0 0
100 2 0 0 2 0 0 0 0 0
103 11 1 1 0 0 0 0 0 0
104 11 0 0 0 0 0 0 0 0
105 11 0 0 0 0 0 0 0 0
106 4 0 0 0 0 0 0 0 0
107 4 0 0 0 0 0 0 0 0
108 2 0 0 0 0 0 0 0 0
109 2 0 0 0 0 0 0 0 0
112 2 0 0 0 0 0 0 0 0
113 2 0 0 0 0 0 0 0 0
114 2 0 0 0 0 0 2 0 0
115 2 0 0 2 0 0 0 0 0
117 2 0 0 0 0 0 2 0 0
118 2 0 0 0 0 0 2 0 0
119 2 0 0 2 0 0 0 0 0
121 7 0 0 0 0 0 7 2 2
122 7 0 0 0 0 0 7 0 0
123 7 0 0 7 0 0 0 0 0
fl=/build/glibc-S7Ft5T/glibc-2.23/string/../sysdeps/x86_64/multiarch/../strchr.S
fn=index
24 7 1 1 0 0 0 0 0 0
25 7 0 0 0 0 0 0 0 0
26 7 0 0 0 0 0 0 0 0
27 7 0 0 0 0 0 0 0 0
28 7 0 0 0 0 0 0 0 0
29 7 0 0 0 0 0 0 0 0
30 7 0 0 0 0 0 0 0 0
31 7 0 0 0 0 0 0 0 0
32 7 0 0 7 2 2 0 0 0
33 7 0 0 0 0 0 0 0 0
34 7 0 0 0 0 0 0 0 0
35 7 1 1 0 0 0 0 0 0
36 7 0 0 0 0 0 0 0 0
37 7 0 0 0 0 0 0 0 0
38 7 0 0 0 0 0 0 0 0
39 7 0 0 0 0 0 0 0 0
40 7 0 0 0 0 0 0 0 0
41 5 0 0 0 0 0 0 0 0
45 5 0 0 0 0 0 0 0 0
46 5 0 0 0 0 0 0 0 0
47 5 0 0 5 0 0 0 0 0
48 5 0 0 0 0 0 0 0 0
50 5 0 0 5 0 0 0 0 0
54 2 0 0 2 1 1 0 0 0
55 2 0 0 0 0 0 0 0 0
56 2 0 0 0 0 0 0 0 0
57 2 0 0 0 0 0 0 0 0
58 2 0 0 0 0 0 0 0 0
59 2 1 1 0 0 0 0 0 0
60 2 0 0 2 0 0 0 0 0
61 2 0 0 0 0 0 0 0 0
62 2 0 0 0 0 0 0 0 0
63 2 0 0 0 0 0 0 0 0
64 2 0 0 0 0 0 0 0 0
65 2 0 0 0 0 0 0 0 0
66 2 0 0 0 0 0 0 0 0
67 2 0 0 2 1 1 0 0 0
68 2 0 0 0 0 0 0 0 0
69 2 0 0 0 0 0 0 0 0
70 2 0 0 0 0 0 0 0 0
71 2 0 0 0 0 0 0 0 0
72 2 0 0 0 0 0 0 0 0
73 2 0 0 0 0 0 0 0 0
74 2 0 0 0 0 0 0 0 0
75 2 1 1 0 0 0 0 0 0
76 2 0 0 0 0 0 0 0 0
77 2 0 0 0 0 0 0 0 0
129 2 1 1 0 0 0 0 0 0
133 2 0 0 0 0 0 0 0 0
134 2 0 0 0 0 0 0 0 0
135 2 0 0 2 0 0 0 0 0
136 2 1 1 0 0 0 0 0 0
138 2 0 0 2 0 0 0 0 0
fl=/build/glibc-S7Ft5T/glibc-2.23/string/../sysdeps/x86_64/multiarch/../strcmp.S
fn=strcmp
144 178 1 1 0 0 0 0 0 0
145 178 0 0 0 0 0 0 0 0
147 178 0 0 0 0 0 0 0 0
148 178 0 0 0 0 0 0 0 0
169 178 0 0 0 0 0 0 0 0
170 178 1 1 0 0 0 0 0 0
171 137 0 0 0 0 0 0 0 0
172 137 0 0 0 0 0 0 0 0
173 132 0 0 132 13 10 0 0 0
174 132 0 0 132 4 0 0 0 0
175 132 0 0 132 0 0 0 0 0
176 132 0 0 132 0 0 0 0 0
197 132 0 0 0 0 0 0 0 0
198 132 0 0 0 0 0 0 0 0
199 132 0 0 0 0 0 0 0 0
200 132 0 0 0 0 0 0 0 0
201 132 0 0 0 0 0 0 0 0
202 132 0 0 0 0 0 0 0 0
203 132 0 0 0 0 0 0 0 0
208 5 0 0 0 0 0 0 0 0
209 5 0 0 0 0 0 0 0 0
218 51 1 1 0 0 0 0 0 0
219 51 0 0 0 0 0 0 0 0
220 51 0 0 0 0 0 0 0 0
221 51 0 0 0 0 0 0 0 0
222 51 0 0 0 0 0 0 0 0
223 51 0 0 0 0 0 0 0 0
224 51 0 0 0 0 0 0 0 0
225 51 0 0 0 0 0 0 0 0
226 50 0 0 0 0 0 0 0 0
227 28 0 0 0 0 0 0 0 0
228 28 0 0 0 0 0 0 0 0
229 28 0 0 0 0 0 0 0 0
231 50 0 0 0 0 0 0 0 0
232 50 0 0 0 0 0 0 0 0
233 50 0 0 0 0 0 0 0 0
234 50 0 0 50 6 2 0 0 0
235 50 0 0 0 0 0 0 0 0
236 50 0 0 0 0 0 0 0 0
246 1 1 1 1 0 0 0 0 0
247 1 0 0 0 0 0 0 0 0
248 1 0 0 0 0 0 0 0 0
250 1 0 0 1 0 0 0 0 0
256 1 0 0 0 0 0 0 0 0
257 1 0 0 0 0 0 0 0 0
258 1 0 0 0 0 0 0 0 0
259 1 0 0 0 0 0 0 0 0
260 1 0 0 0 0 0 0 0 0
265 1 0 0 0 0 0 0 0 0
1196 4 1 1 0 0 0 0 0 0
1197 4 0 0 4 0 0 0 0 0
1198 4 0 0 4 0 0 0 0 0
1199 4 0 0 0 0 0 0 0 0
1200 4 0 0 0 0 0 0 0 0
1202 4 0 0 0 0 0 0 0 0
1203 4 0 0 0 0 0 0 0 0
1204 4 1 1 0 0 0 0 0 0
1205 4 0 0 0 0 0 0 0 0
1206 4 0 0 0 0 0 0 0 0
1207 4 0 0 0 0 0 0 0 0
1208 4 0 0 0 0 0 0 0 0
1321 32 1 1 0 0 0 0 0 0
1322 32 0 0 32 2 0 0 0 0
1323 32 0 0 32 2 0 0 0 0
1324 32 0 0 0 0 0 0 0 0
1325 32 0 0 0 0 0 0 0 0
1327 32 0 0 0 0 0 0 0 0
1328 32 0 0 0 0 0 0 0 0
1329 32 1 1 0 0 0 0 0 0
1330 32 0 0 0 0 0 0 0 0
1331 32 0 0 0 0 0 0 0 0
1332 32 0 0 0 0 0 0 0 0
1333 32 0 0 0 0 0 0 0 0
1571 1 1 1 0 0 0 0 0 0
1572 1 0 0 1 0 0 0 0 0
1573 1 0 0 1 0 0 0 0 0
1574 1 0 0 0 0 0 0 0 0
1575 1 0 0 0 0 0 0 0 0
1577 1 0 0 0 0 0 0 0 0
1578 1 0 0 0 0 0 0 0 0
1579 1 1 1 0 0 0 0 0 0
1580 1 0 0 0 0 0 0 0 0
1581 1 0 0 0 0 0 0 0 0
1582 1 0 0 0 0 0 0 0 0
1583 1 0 0 0 0 0 0 0 0
1696 1 1 1 0 0 0 0 0 0
1697 1 0 0 1 0 0 0 0 0
1698 1 0 0 1 1 1 0 0 0
1699 1 0 0 0 0 0 0 0 0
1700 1 0 0 0 0 0 0 0 0
1702 1 0 0 0 0 0 0 0 0
1703 1 0 0 0 0 0 0 0 0
1704 1 1 1 0 0 0 0 0 0
1705 1 0 0 0 0 0 0 0 0
1706 1 0 0 0 0 0 0 0 0
1707 1 0 0 0 0 0 0 0 0
1708 1 0 0 0 0 0 0 0 0
1821 9 1 1 0 0 0 0 0 0
1822 9 0 0 9 1 1 0 0 0
1823 9 0 0 9 3 1 0 0 0
1824 9 0 0 0 0 0 0 0 0
1825 9 0 0 0 0 0 0 0 0
1827 9 0 0 0 0 0 0 0 0
1828 9 0 0 0 0 0 0 0 0
1829 9 1 1 0 0 0 0 0 0
1830 9 0 0 0 0 0 0 0 0
1831 9 0 0 0 0 0 0 0 0
1832 9 0 0 0 0 0 0 0 0
1833 9 0 0 0 0 0 0 0 0
1834 8 0 0 8 0 0 0 0 0
1838 8 0 0 0 0 0 0 0 0
1839 8 0 0 0 0 0 0 0 0
1840 8 0 0 0 0 0 0 0 0
1846 8 0 0 0 0 0 0 0 0
1847 8 0 0 0 0 0 0 0 0
1848 16 0 0 0 0 0 0 0 0
1852 8 1 1 0 0 0 0 0 0
1853 8 0 0 0 0 0 0 0 0
1856 8 0 0 8 0 0 0 0 0
1857 8 0 0 8 1 1 0 0 0
1858 8 0 0 0 0 0 0 0 0
1861 8 0 0 0 0 0 0 0 0
1862 8 0 0 0 0 0 0 0 0
1863 8 0 0 0 0 0 0 0 0
1869 8 0 0 0 0 0 0 0 0
1870 8 0 0 0 0 0 0 0 0
1871 8 0 0 0 0 0 0 0 0
1872 8 0 0 0 0 0 0 0 0
1873 8 0 0 0 0 0 0 0 0
1874 8 1 1 0 0 0 0 0 0
1946 2 1 1 0 0 0 0 0 0
1947 2 0 0 2 0 0 0 0 0
1948 2 0 0 2 0 0 0 0 0
1949 2 0 0 0 0 0 0 0 0
1950 2 0 0 0 0 0 0 0 0
1952 2 0 0 0 0 0 0 0 0
1953 2 0 0 0 0 0 0 0 0
1954 2 1 1 0 0 0 0 0 0
1955 2 0 0 0 0 0 0 0 0
1956 2 0 0 0 0 0 0 0 0
1957 2 0 0 0 0 0 0 0 0
1958 2 0 0 0 0 0 0 0 0
1959 1 0 0 1 0 0 0 0 0
1963 1 0 0 0 0 0 0 0 0
1964 1 0 0 0 0 0 0 0 0
1965 1 0 0 0 0 0 0 0 0
1971 1 0 0 0 0 0 0 0 0
1972 1 0 0 0 0 0 0 0 0
1973 2 0 0 0 0 0 0 0 0
1977 1 1 1 0 0 0 0 0 0
1978 1 0 0 0 0 0 0 0 0
1981 1 0 0 1 0 0 0 0 0
1982 1 0 0 1 1 1 0 0 0
1983 1 0 0 0 0 0 0 0 0
1986 1 0 0 0 0 0 0 0 0
1987 1 0 0 0 0 0 0 0 0
1988 1 0 0 0 0 0 0 0 0
1994 1 0 0 0 0 0 0 0 0
1995 1 0 0 0 0 0 0 0 0
1996 1 0 0 0 0 0 0 0 0
1997 1 0 0 0 0 0 0 0 0
1998 1 0 0 0 0 0 0 0 0
1999 1 1 1 0 0 0 0 0 0
2071 1 1 1 0 0 0 0 0 0
2072 1 0 0 1 0 0 0 0 0
2073 1 0 0 1 1 0 0 0 0
2074 1 0 0 0 0 0 0 0 0
2075 1 0 0 0 0 0 0 0 0
2077 1 0 0 0 0 0 0 0 0
2078 1 0 0 0 0 0 0 0 0
2079 1 1 1 0 0 0 0 0 0
2080 1 0 0 0 0 0 0 0 0
2081 1 0 0 0 0 0 0 0 0
2082 1 0 0 0 0 0 0 0 0
2083 1 0 0 0 0 0 0 0 0
2085 1 0 0 1 0 0 0 0 0
2089 1 0 0 0 0 0 0 0 0
2090 1 0 0 0 0 0 0 0 0
2091 1 0 0 0 0 0 0 0 0
2097 1 0 0 0 0 0 0 0 0
2098 1 0 0 0 0 0 0 0 0
2100 2 0 0 0 0 0 0 0 0
2104 1 1 1 0 0 0 0 0 0
2105 1 0 0 0 0 0 0 0 0
2108 1 0 0 1 1 1 0 0 0
2109 1 0 0 1 0 0 0 0 0
2110 1 0 0 0 0 0 0 0 0
2113 1 0 0 0 0 0 0 0 0
2114 1 0 0 0 0 0 0 0 0
2115 1 0 0 0 0 0 0 0 0
2121 1 0 0 0 0 0 0 0 0
2122 1 0 0 0 0 0 0 0 0
2123 1 0 0 0 0 0 0 0 0
2124 1 0 0 0 0 0 0 0 0
2125 1 0 0 0 0 0 0 0 0
2126 1 1 1 0 0 0 0 0 0
2200 10 0 0 0 0 0 0 0 0
2202 51 1 1 0 0 0 0 0 0
2203 51 0 0 0 0 0 0 0 0
2204 51 0 0 0 0 0 0 0 0
2205 51 0 0 0 0 0 0 0 0
2206 84 0 0 0 0 0 0 0 0
2211 178 1 1 0 0 0 0 0 0
2217 178 0 0 178 0 0 0 0 0
2218 178 0 0 178 0 0 0 0 0
2226 178 0 0 0 0 0 0 0 0
2227 178 0 0 178 0 0 0 0 0
fl=/build/glibc-S7Ft5T/glibc-2.23/string/../sysdeps/x86_64/multiarch/strcmp.S
fn=strcasecmp
109 1 1 1 1 0 0 0 0 0
110 1 0 0 0 0 0 0 0 0
111 1 0 0 1 1 0 0 0 0
112 1 0 0 0 0 0 0 0 0
122 1 1 1 1 0 0 0 0 0
fn=strncasecmp
129 1 1 1 1 0 0 0 0 0
130 1 0 0 0 0 0 0 0 0
131 1 1 1 1 0 0 0 0 0
132 1 0 0 0 0 0 0 0 0
142 1 1 1 1 0 0 0 0 0
fl=/build/glibc-S7Ft5T/glibc-2.23/string/../sysdeps/x86_64/multiarch/strcspn.S
fn=strcspn
45 1 1 1 1 0 0 0 0 0
46 1 0 0 0 0 0 0 0 0
47 1 0 0 1 1 0 0 0 0
48 1 0 0 0 0 0 0 0 0
49 1 0 0 0 0 0 0 0 0
50 1 0 0 1 0 0 0 0 0
fn=strpbrk
45 1 1 1 1 0 0 0 0 0
46 1 0 0 0 0 0 0 0 0
47 1 1 1 1 0 0 0 0 0
48 1 0 0 0 0 0 0 0 0
49 1 0 0 0 0 0 0 0 0
50 1 0 0 1 0 0 0 0 0
fl=/build/glibc-S7Ft5T/glibc-2.23/string/../sysdeps/x86_64/multiarch/strspn.S
fn=strspn
30 1 1 1 1 0 0 0 0 0
31 1 0 0 0 0 0 0 0 0
32 1 0 0 1 0 0 0 0 0
33 1 0 0 0 0 0 0 0 0
34 1 0 0 0 0 0 0 0 0
35 1 0 0 1 0 0 0 0 0
fl=/build/glibc-S7Ft5T/glibc-2.23/string/../sysdeps/x86_64/strchr.S
fn=strchrnul
24 12 1 1 0 0 0 0 0 0
25 12 0 0 0 0 0 0 0 0
26 12 0 0 0 0 0 0 0 0
27 12 0 0 0 0 0 0 0 0
28 12 0 0 0 0 0 0 0 0
29 12 0 0 0 0 0 0 0 0
30 12 0 0 0 0 0 0 0 0
31 12 1 1 0 0 0 0 0 0
32 12 0 0 12 0 0 0 0 0
33 12 0 0 0 0 0 0 0 0
34 12 0 0 0 0 0 0 0 0
35 12 0 0 0 0 0 0 0 0
36 12 0 0 0 0 0 0 0 0
37 12 0 0 0 0 0 0 0 0
38 12 0 0 0 0 0 0 0 0
39 12 0 0 0 0 0 0 0 0
40 12 0 0 0 0 0 0 0 0
41 12 0 0 0 0 0 0 0 0
43 12 0 0 0 0 0 0 0 0
50 12 0 0 12 0 0 0 0 0
fl=/build/glibc-S7Ft5T/glibc-2.23/string/../sysdeps/x86_64/strlen.S
fn=strlen
66 14 2 2 0 0 0 0 0 0
67 14 0 0 0 0 0 0 0 0
68 14 0 0 0 0 0 0 0 0
69 14 0 0 0 0 0 0 0 0
70 14 0 0 0 0 0 0 0 0
71 14 0 0 0 0 0 0 0 0
72 14 0 0 0 0 0 0 0 0
74 14 1 1 0 0 0 0 0 0
76 14 0 0 0 0 0 0 0 0
106 13 0 0 13 2 2 0 0 0
107 13 0 0 0 0 0 0 0 0
108 13 0 0 0 0 0 0 0 0
109 13 0 0 0 0 0 0 0 0
110 13 0 0 0 0 0 0 0 0
111 7 0 0 0 0 0 0 0 0
112 7 0 0 7 0 0 0 0 0
116 6 0 0 0 0 0 0 0 0
117 6 1 1 6 0 0 0 0 0
118 6 0 0 6 0 0 0 0 0
119 6 0 0 6 0 0 0 0 0
120 6 0 0 0 0 0 0 0 0
121 6 0 0 0 0 0 0 0 0
122 6 0 0 0 0 0 0 0 0
123 6 0 0 0 0 0 0 0 0
124 6 0 0 0 0 0 0 0 0
125 6 0 0 0 0 0 0 0 0
126 6 0 0 0 0 0 0 0 0
127 6 0 0 0 0 0 0 0 0
132 48 0 0 6 0 0 0 0 0
136 1 1 1 0 0 0 0 0 0
137 14 1 1 4 0 0 0 0 0
138 8 0 0 1 0 0 0 0 0
fl=/build/glibc-S7Ft5T/glibc-2.23/string/../sysdeps/x86_64/strrchr.S
fn=rindex
24 1 1 1 0 0 0 0 0 0
25 1 0 0 0 0 0 0 0 0
26 1 0 0 0 0 0 0 0 0
27 1 0 0 0 0 0 0 0 0
28 1 0 0 0 0 0 0 0 0
29 1 0 0 0 0 0 0 0 0
30 1 0 0 0 0 0 0 0 0
31 1 0 0 0 0 0 0 0 0
32 1 0 0 1 1 0 0 0 0
33 1 0 0 0 0 0 0 0 0
34 1 0 0 0 0 0 0 0 0
35 1 0 0 0 0 0 0 0 0
36 1 0 0 0 0 0 0 0 0
37 1 0 0 0 0 0 0 0 0
38 1 1 1 0 0 0 0 0 0
39 1 0 0 0 0 0 0 0 0
40 1 0 0 0 0 0 0 0 0
41 1 0 0 0 0 0 0 0 0
42 1 0 0 0 0 0 0 0 0
43 1 0 0 0 0 0 0 0 0
44 1 0 0 0 0 0 0 0 0
45 1 0 0 0 0 0 0 0 0
46 1 0 0 0 0 0 0 0 0
47 1 0 0 1 0 0 0 0 0
fl=/build/glibc-S7Ft5T/glibc-2.23/string/strdup.c
fn=strdup
40 12 0 0 0 0 0 6 0 0
41 6 1 1 0 0 0 3 0 0
42 6 0 0 0 0 0 3 0 0
44 6 0 0 0 0 0 0 0 0
47 12 0 0 0 0 0 0 0 0
48 9 0 0 6 0 0 0 0 0
fl=/build/glibc-S7Ft5T/glibc-2.23/time/../sysdeps/generic/dl-hash.h
fn=gettimeofday
45 12 0 0 4 0 0 0 0 0
48 12 0 0 0 0 0 0 0 0
62 16 0 0 0 0 0 0 0 0
fn=time
45 12 0 0 4 1 1 0 0 0
48 12 0 0 0 0 0 0 0 0
62 16 1 1 0 0 0 0 0 0
fl=/build/glibc-S7Ft5T/glibc-2.23/time/../sysdeps/unix/sysv/linux/x86/gettimeofday.c
fn=gettimeofday
36 1 0 0 0 0 0 0 0 0
37 11 2 2 0 0 0 4 0 0
40 3 1 1 0 0 0 1 0 0
41 3 0 0 0 0 0 0 0 0
42 2 0 0 1 0 0 0 0 0
fl=/build/glibc-S7Ft5T/glibc-2.23/time/../sysdeps/unix/sysv/linux/x86/time.c
fn=time
37 1 0 0 0 0 0 0 0 0
38 11 1 1 0 0 0 4 0 0
41 3 0 0 0 0 0 1 0 0
42 3 1 1 0 0 0 0 0 0
43 2 0 0 1 0 0 0 0 0
fl=/home/dss7/quicksort.c
fn=main
32 6 1 1 1 0 0 2 0 0
33 6 1 1 0 0 0 6 0 0
34 1 0 0 0 0 0 1 0 0
35 6 0 0 1 0 0 1 0 0
37 2 0 0 0 0 0 1 0 0
38 29 1 1 20 0 0 1 0 0
39 42 0 0 12 1 0 6 0 0
41 2 0 0 0 0 0 1 0 0
43 1 0 0 0 0 0 0 0 0
44 5 0 0 4 0 0 0 0 0
fn=partition
9 24 1 1 0 0 0 16 0 0
10 28 0 0 12 0 0 4 0 0
11 12 1 1 4 0 0 4 0 0
13 83 1 1 45 0 0 4 0 0
14 88 0 0 44 0 0 0 0 0
15 1 0 0 1 0 0 0 0 0
16 13 0 0 4 0 0 1 0 0
19 56 0 0 16 0 0 4 0 0
20 8 0 0 4 0 0 0 0 0
21 8 0 0 8 0 0 0 0 0
fn=quickSort
23 54 2 2 0 0 0 36 0 0
24 27 0 0 18 0 0 0 0 0
25 28 0 0 12 0 0 8 0 0
27 28 0 0 12 0 0 4 0 0
28 28 0 0 12 0 0 4 0 0
30 27 0 0 18 0 0 0 0 0
fn=swap
3 20 0 0 0 0 0 15 0 0
4 15 0 0 10 0 0 5 0 0
5 20 0 0 15 0 0 5 0 0
6 15 0 0 10 0 0 5 0 0
7 15 0 0 10 0 0 0 0 0
fl=???
fn=???
0 191 23 17 101 5 1 24 1 1
fn=__libc_csu_init
0 34 2 2 8 1 0 8 0 0
fn=_dl_debug_initialize
0 4 0 0 3 0 0 0 0 0
fn=_start
0 11 2 2 1 0 0 3 0 0
fn=memcpy@GLIBC_2.2.5
0 11 2 2 3 0 0 0 0 0
summary: 158534 959 950 40431 2377 1924 12568 578 513
